[574.7464114860393 226.40502812018195 22.918746823822516 30.596426756470066] car	[543.6466128228376 3.473704015520866 37.64801204143669 100.34255150774294] truck	[688.5197279429347 441.50710657802256 31.937075126970058 57.80747051280804] van	[684.6191926542742 156.1990815239593 24.86021798334002 22.659566804642708] car	
[574.7464114860393 226.40502812018195 22.918746823822516 30.596426756470066] car	[543.6466128228376 3.473704015520866 37.64801204143669 100.34255150774294] truck	[688.5197279429347 441.50710657802256 31.937075126970058 57.80747051280804] van	[684.6191926542742 156.1990815239593 24.86021798334002 22.659566804642708] car	
[574.7464114860393 216.86757582297514 22.918746823822516 30.596426756470066] car	[541.8276646622169 15.051585284965768 37.64801204143669 90.58361839891899] truck	[696.1835104330901 504.37482011252405 31.937075126970058 69.69932898174272] van	[678.5164843832463 221.21568820027332 31.688707975620787 31.74755997868894] car	
[575.9682480928536 205.7388744857336 20.951490576018728 31.537726333523864] car	[541.8276646622169 15.051585284965768 37.64801204143669 90.58361839891899] truck	[704.5870509351582 586.409382156524 31.937075126970058 69.69932898174272] van	[683.7186761226219 292.045529574849 31.688707975620787 31.74755997868894] car	[684.4009452347615 123.72180479576546 19.425633143673167 19.537787869901578] car	
[574.4649851501916 196.1179916526978 20.951490576018728 31.537726333523864] car	[541.8276646622169 15.051585284965768 37.64801204143669 90.58361839891899] truck	[710.8468408086394 671.9968875831722 23.676156653279463 69.69932898174272] van	[695.1982563780923 373.53772304358034 16.227498802084597 31.74755997868897] car	[679.891156406776 195.57777345500216 19.425633143673167 19.537787869901578] car	
[574.765637738724 186.79776140819433 20.951490576018728 31.537726333523864] car	[541.8276646622169 11.624145775697116 37.64801204143669 95.21366826231713] truck	[712.16739717325 752.550825824427 23.676156653279463 69.69932898174272] van	[682.5970297035673 267.13308952570657 19.425633143673167 19.537787869901578] car	
[576.2689006813858 175.97426822102898 20.951490576018728 31.537726333523864] car	[541.5270120736845 13.728713895423653 37.64801204143669 95.21366826231713] truck	[713.3700075273796 830.419846254311 23.676156653279463 69.69932898174272] van	[692.7883169264317 334.1784087320125 19.425633143673167 24.127858997274984] car	
[575.3669429157887 167.5559957421226 20.951490576018728 31.537726333523864] car	[541.5270120736845 13.728713895423653 37.64801204143669 95.21366826231713] truck	[714.6540740826279 907.7029935416609 26.30066449203275 69.69932898174272] van	[692.7883169264317 334.1784087320125 19.425633143673167 24.127858997274984] car	
[574.7656377387241 158.53641808615146 20.951490576018728 31.537726333523864] car	[541.5270120736845 13.728713895423653 37.64801204143669 95.21366826231713] truck	[711.409194480523 979.9315032093145 26.30066449203275 59.10423363489224] van	[696.12827924106 474.223393063393 19.425633143673167 28.997643052376475] car	
[576.4192269756521 144.31555064857037 20.951490576018728 31.537726333523864] car	[541.5270120736847 15.051585284966052 37.64801204143669 95.21366826231713] truck	[711.0784766331373 1055.3351724132335 26.30066449203275 59.10423363489224] van	[704.0655075783147 552.2728050463967 19.425633143673167 28.997643052376475] car	
[574.6584851561712 135.07165609629521 20.951490576018728 31.537726333523864] car	[541.5270120736847 15.051585284966052 37.64801204143669 95.21366826231713] truck	[711.5486603111091 632.8267432876514 19.425633143673167 28.997643052376475] car	
[574.6584851561712 126.26794699889035 20.951490576018728 31.537726333523864] car	[542.3273492643578 17.452596856985508 37.64801204143669 95.21366826231713] truck	[711.5486603111092 715.2614739269882 19.425633143673167 28.997643052376475] car	
[573.4579793701615 118.26457509215862 20.951490576018728 31.537726333523864] car	[542.3273492643578 17.452596856985508 37.64801204143669 95.21366826231713] truck	
[577.4596653235272 105.05901144605133 20.951490576018728 31.537726333523864] car	[542.3273492643578 17.452596856985508 37.64801204143669 95.21366826231713] truck	
[577.0594967281908 98.25614532532933 20.951490576018728 31.537726333523864] car	[542.3273492643578 17.452596856985508 37.64801204143669 95.21366826231713] truck	
[545.5286980270504 22.25462000102455 37.64801204143669 95.21366826231713] truck	
[545.5286980270504 22.25462000102455 37.64801204143669 95.21366826231713] truck	
[544.3281922410405 26.256305954390385 37.64801204143669 95.21366826231713] truck	
[545.1285294317139 28.257148931073374 37.64801204143669 95.21366826231713] truck	
[545.1285294317139 28.257148931073374 37.64801204143669 95.21366826231713] truck	[692.3580087658971 380.7311315481299 19.873133720707187 33.73735852658126] car	
[545.1285294317139 28.257148931073374 37.64801204143669 95.21366826231713] truck	[693.4493776622696 452.76147870871534 19.873133720707187 33.73735852658126] car	
[545.1285294317139 28.257148931073374 37.64801204143669 95.21366826231713] truck	[702.57857312359 527.9522636792572 19.873133720707187 36.03428214676467] car	
[545.1285294317139 28.257148931073374 37.64801204143669 95.21366826231713] truck	[711.2942451300207 615.1089837435657 19.873133720707187 36.03428214676467] car	
[542.4654074297488 36.24651493696828 37.64801204143669 91.12291913338916] truck	[716.3872999797592 687.1393309041513 19.873133720707187 36.03428214676467] car	
[542.4654074297488 36.24651493696828 37.64801204143669 91.12291913338916] truck	
[542.4654074297488 36.24651493696828 37.64801204143669 91.12291913338916] truck	
[542.4654074297488 36.24651493696828 37.64801204143669 91.12291913338916] truck	
[542.0252219748784 43.28948221489209 37.64801204143669 91.12291913338916] truck	
[542.0252219748784 43.28948221489209 37.64801204143669 91.12291913338916] truck	
[542.0252219748784 45.490409489243305 37.64801204143669 91.12291913338916] truck	
[542.0252219748784 47.251151308724346 37.64801204143669 91.12291913338916] truck	
[542.0252219748784 48.13152221846481 37.64801204143669 91.12291913338916] truck	
[542.0252219748784 48.13152221846481 37.64801204143669 91.12291913338916] truck	
[542.0252219748784 49.01189312820527 37.64801204143669 91.12291913338916] truck	
[541.5850365200081 54.29411858664817 37.64801204143669 91.12291913338916] truck	
[541.5850365200081 54.29411858664817 37.64801204143669 91.12291913338916] truck	
[541.1448510651378 55.61467495125892 37.64801204143669 91.12291913338916] truck	
[541.1448510651378 55.61467495125892 37.64801204143669 91.12291913338916] truck	
[541.1448510651378 55.61467495125892 37.64801204143669 91.12291913338916] truck	
[540.7046656102675 61.777271319442264 37.64801204143669 91.12291913338916] truck	
[540.2644801553975 66.61931132301498 37.64801204143669 91.12291913338916] truck	
[539.8242947005269 67.05949677788527 37.64801204143669 91.12291913338916] truck	
[539.8242947005269 69.70060950710666 37.64801204143669 91.12291913338916] truck	
[539.8242947005269 69.70060950710666 37.64801204143669 91.12291913338916] truck	
[539.8242947005269 69.70060950710666 37.64801204143669 91.12291913338916] truck	
[539.8242947005269 69.70060950710666 37.64801204143669 91.12291913338916] truck	
[540.7046656102675 76.7435767850306 37.64801204143669 91.12291913338916] truck	
[541.1448510651378 76.7435767850306 37.64801204143669 91.12291913338916] truck	
[542.4654074297484 78.94450405938181 37.64801204143669 91.12291913338916] truck	
[543.345778339489 80.70524587886285 37.64801204143669 91.12291913338916] truck	
[543.7859637943593 82.46598769834381 37.64801204143669 91.12291913338916] truck	
[543.7859637943593 85.98747133730575 37.64801204143669 91.12291913338916] truck	
[543.7859637943593 89.50895497626772 37.64801204143669 91.12291913338916] truck	
[543.7859637943593 91.70988225061896 37.64801204143669 91.12291913338916] truck	
[543.7859637943593 94.35099497984032 37.64801204143669 91.12291913338916] truck	
[544.2261492492294 96.99210770906183 37.64801204143669 91.12291913338916] truck	
[544.2261492492294 98.31266407367261 37.64801204143669 91.12291913338916] truck	
[545.1065201589699 100.95377680289397 37.64801204143669 91.12291913338916] truck	
[545.5467056138402 102.27433316750475 37.64801204143669 91.12291913338916] truck	
[546.4270765235808 105.35563135159651 37.64801204143669 91.12291913338916] truck	
[545.5467056138402 109.31730044542866 37.64801204143669 91.12291913338916] truck	
[545.9868910687105 111.07804226490958 37.64801204143669 91.12291913338916] truck	
[546.4270765235808 111.51822771977993 37.64801204143669 91.12291913338916] truck	
[546.4270765235808 111.95841317465016 37.64801204143669 91.12291913338916] truck	
[545.9868910687105 113.2789695392608 37.64801204143669 91.12291913338916] truck	
[545.9868910687105 115.47989681361202 37.64801204143669 91.12291913338916] truck	
[545.9868910687105 115.47989681361202 37.64801204143669 91.12291913338916] truck	
[545.9868910687105 117.24063863309306 37.64801204143669 91.12291913338916] truck	
[546.8672619784512 120.32193681718473 37.64801204143669 91.12291913338916] truck	
[546.8672619784512 120.32193681718473 37.64801204143669 91.12291913338916] truck	
[546.4270765235811 120.76212227205491 37.64801204143669 91.12291913338916] truck	
[546.4270765235811 122.08267863666566 37.64801204143669 91.12291913338916] truck	
[546.4270765235811 123.8434204561467 37.64801204143669 91.12291913338916] truck	
[546.4270765235811 126.04434773049792 37.64801204143669 91.12291913338916] truck	
[546.4270765235811 127.80508954997885 37.64801204143669 91.12291913338916] truck	
[546.8672619784512 128.6854604597193 37.64801204143669 91.12291913338916] truck	
[546.8672619784512 130.00601682433006 37.64801204143669 91.12291913338916] truck	
[546.8672619784512 131.766758643811 37.64801204143669 91.12291913338916] truck	
[546.8672619784512 131.766758643811 37.64801204143669 91.12291913338916] truck	
[546.8672619784512 135.72842773764324 37.64801204143669 91.12291913338916] truck	
[546.8672619784512 135.72842773764324 37.64801204143669 91.12291913338916] truck	
[546.8672619784512 135.72842773764324 37.64801204143669 91.12291913338916] truck	
[546.8672619784512 136.16861319251342 37.64801204143669 91.12291913338916] truck	
[546.4270765235811 138.36954046686463 37.64801204143669 91.12291913338916] truck	
[545.5467056138406 142.33120956069683 37.64801204143669 91.12291913338916] truck	
[545.5467056138406 142.33120956069683 37.64801204143669 91.12291913338916] truck	
[545.5467056138406 143.21158047043735 37.64801204143669 91.12291913338916] truck	
[545.1065201589703 144.5321368350481 37.64801204143669 91.12291913338916] truck	
[544.2261492492299 146.29287865452915 37.64801204143669 91.12291913338916] truck	
[543.7859637943594 151.57510411297204 37.64801204143669 91.12291913338916] truck	
[545.6930835208898 148.96558077934998 37.64801204143669 91.12291913338916] truck	[677.9313157638869 76.97104845680434 24.420500341289994 31.602994680924212] car	
[545.6930835208898 148.96558077934998 37.64801204143669 91.12291913338916] truck	[679.2010731821689 143.71281710961293 24.420500341289994 38.09281802946103] car	
[547.293757902236 152.56709813737928 37.64801204143669 91.12291913338916] truck	[681.5674759135777 219.78645295046746 24.420500341289994 34.84949719365309] car	
[547.6939264975726 153.3674353280525 37.64801204143669 91.12291913338916] truck	[681.9676445089142 293.01730589706256 24.420500341289994 34.84949719365309] car	
[547.6939264975726 153.3674353280525 37.64801204143669 91.12291913338916] truck	[684.7688246762702 368.6491704156772 24.420500341289994 34.84949719365309] car	
[548.8944322835823 156.16861549540857 37.64801204143669 91.12291913338916] truck	[689.1706792249727 434.27682005087723 24.420500341289994 34.84949719365309] car	
[548.8944322835823 156.16861549540857 37.64801204143669 91.12291913338916] truck	[697.5748260092088 506.2503567658267 19.09658602428874 34.849497193653065] car	[671.2370443963617 105.82379242934054 25.225852672570795 34.468152604729156] car	
[546.9576162821533 157.13702349612305 37.64801204143669 91.12291913338916] truck	[705.322090014925 584.207200823347 19.09658602428874 34.849497193653065] car	[674.84487545875 198.4247896973108 25.225852672570795 34.468152604729156] car	[677.9407582438724 28.743913953757783 28.476496672398525 22.851016548082832] car	
[546.9576162821533 157.13702349612305 37.64801204143669 91.12291913338916] truck	[709.5312262543785 667.1873152582814 19.09658602428874 34.849497193653065] car	[677.0850546953822 281.12473984964777 25.225852672570795 34.468152604729156] car	[678.6703788893819 106.22171153840782 28.476496672398525 28.18342201548461] car	
[546.9576162821533 157.13702349612305 37.64801204143669 91.12291913338916] truck	[714.3332493984176 740.8183368002135 19.09658602428874 34.849497193653065] car	[678.8442873268527 353.84497623420117 25.225852672570795 45.785543100690575] car	[676.2693673173624 193.0582967264471 28.476496672398525 28.18342201548461] car	
[546.9576162821533 157.13702349612305 37.64801204143669 91.12291913338916] truck	[680.8451303035356 428.2763349668062 25.225852672570795 45.785543100690575] car	[679.8708846753916 275.8931959611205 28.476496672398525 28.18342201548461] car	
[545.1990388656465 158.8956009126299 37.64801204143669 91.12291913338916] truck	[688.3190843236896 518.8430719169071 25.225852672570795 45.785543100690575] car	[680.1450588916657 345.2676503330986 28.476496672398525 43.69325039397842] car	
[547.0007369223094 159.4961669315175 37.64801204143669 91.12291913338916] truck	[699.7498375309838 608.9701645128814 25.225852672570795 45.785543100690575] car	[682.3432806622992 427.0415002006654 28.476496672398525 43.69325039397842] car	
[546.6373944808824 156.58942740010127 37.64801204143669 91.12291913338916] truck	[706.2900014766703 707.4359661396061 25.225852672570795 45.785543100690575] car	[695.06792193737 514.3826911824655 21.895118333192954 43.69325039397836] car	
[546.6373944808824 156.58942740010127 37.64801204143669 91.12291913338916] truck	[700.9703047917371 793.6150524355227 25.225852672570795 45.785543100690575] car	[706.7712546442228 608.5413225057816 21.895118333192954 43.69325039397836] car	
[546.6373944808824 156.58942740010127 37.64801204143669 91.12291913338916] truck	[705.2260621396836 880.3261083999327 25.225852672570795 45.785543100690575] car	[713.9981362608402 700.0325740064536 21.895118333192954 50.167734815269455] car	
[546.6373944808824 156.58942740010127 37.64801204143669 91.12291913338916] truck	[712.4022272553601 792.0633266557966 21.895118333192954 50.167734815269455] car	
[546.6373944808824 156.58942740010127 37.64801204143669 91.12291913338916] truck	[709.2104092444002 879.838321957193 21.895118333192954 50.167734815269455] car	
[546.6373944808824 156.58942740010127 37.64801204143669 91.12291913338916] truck	
[546.6373944808824 156.58942740010127 37.64801204143669 91.12291913338916] truck	
[546.6373944808824 156.58942740010127 37.64801204143669 91.12291913338916] truck	
[546.6373944808824 156.58942740010127 37.64801204143669 91.12291913338916] truck	
[543.977546138416 158.18533640558132 37.64801204143669 91.12291913338916] truck	
[543.977546138416 158.18533640558132 37.64801204143669 91.12291913338916] truck	
[543.977546138416 158.18533640558132 37.64801204143669 91.12291913338916] truck	
[543.977546138416 158.18533640558132 37.64801204143669 91.12291913338916] truck	
[543.977546138416 158.18533640558132 37.64801204143669 91.12291913338916] truck	
[543.977546138416 158.18533640558132 37.64801204143669 91.12291913338916] truck	
[543.977546138416 158.18533640558132 37.64801204143669 91.12291913338916] truck	
[543.977546138416 158.18533640558132 37.64801204143669 91.12291913338916] truck	
[543.977546138416 158.18533640558132 37.64801204143669 91.12291913338916] truck	
[543.977546138416 158.18533640558132 37.64801204143669 91.12291913338916] truck	
[543.977546138416 158.18533640558132 37.64801204143669 91.12291913338916] truck	
[543.977546138416 158.18533640558132 37.64801204143669 91.12291913338916] truck	
[543.977546138416 158.18533640558132 37.64801204143669 91.12291913338916] truck	[683.0262782358827 71.36593267506976 28.722952024983215 23.124308782649138] car	
[543.977546138416 158.18533640558132 37.64801204143669 91.12291913338916] truck	[677.3861014995223 140.85291006702914 28.722952024983215 23.124308782649138] car	
[543.977546138416 158.18533640558132 37.64801204143669 91.12291913338916] truck	[680.0296572380262 203.9658608282576 28.722952024983215 30.40436496117863] car	
[543.977546138416 158.18533640558132 37.64801204143669 91.12291913338916] truck	[680.9514810525413 277.74910333126246 32.607577993291216 30.404364961178658] car	
[545.1786781761914 158.785902424469 37.64801204143669 91.12291913338916] truck	[679.750349014766 345.9133464750106 32.607577993291216 30.404364961178658] car	
[545.1786781761914 158.785902424469 37.64801204143669 91.12291913338916] truck	
[545.1786781761914 158.785902424469 37.64801204143669 91.12291913338916] truck	
[550.0147660715851 160.2367287930872 37.64801204143669 91.12291913338916] truck	
[550.0147660715851 160.2367287930872 37.64801204143669 91.12291913338916] truck	
[550.0147660715851 160.2367287930872 37.64801204143669 91.12291913338916] truck	
[550.0147660715851 160.2367287930872 37.64801204143669 91.12291913338916] truck	
[550.0147660715851 160.2367287930872 37.64801204143669 91.12291913338916] truck	[696.3735512278633 450.5327422552271 15 35] car	
[550.0147660715851 160.2367287930872 37.64801204143669 91.12291913338916] truck	[701.1679361916115 521.2028533678173 18.044386361238253 35] car	
[550.0147660715851 160.2367287930872 37.64801204143669 91.12291913338916] truck	[708.7617932174363 598.740130368345 18.044386361238253 35] car	
[550.0147660715851 160.2367287930872 37.64801204143669 91.12291913338916] truck	[715.9559735576914 684.2709410802674 18.044386361238253 35] car	
[550.0147660715851 160.2367287930872 37.64801204143669 91.12291913338916] truck	
[547.2170292725968 161.83543553536606 37.64801204143669 91.12291913338916] truck	
[547.2170292725968 161.83543553536606 37.64801204143669 91.12291913338916] truck	
[547.2170292725968 161.83543553536606 37.64801204143669 91.12291913338916] truck	
[547.2170292725967 164.63317233435419 37.64801204143669 91.12291913338916] truck	
[547.2170292725967 164.63317233435419 37.64801204143669 91.12291913338916] truck	
[547.2170292725968 166.23187907663305 37.64801204143669 91.12291913338916] truck	
[547.2170292725968 166.23187907663305 37.64801204143669 91.12291913338916] truck	
[547.2170292725968 166.23187907663305 37.64801204143669 91.12291913338916] truck	
[547.2170292725968 166.23187907663305 37.64801204143669 91.12291913338916] truck	[669.8087674763748 90.11335173268844 29.48221770633529 35] car	
[547.6167059581667 171.02799930346984 37.64801204143669 91.12291913338916] truck	[672.2068275897933 170.04868884663455 29.48221770633529 35] car	
[547.6167059581667 171.02799930346984 37.64801204143669 91.12291913338916] truck	[673.805534332072 244.78822904817417 29.48221770633529 35] car	
[547.6167059581667 171.02799930346984 37.64801204143669 91.12291913338916] truck	[676.6032711310604 318.72841587857437 29.48221770633529 35] car	[677.2341007254273 127.47764828571763 20.81317151505209 28.899192102172066] car	
[547.6167059581667 171.02799930346984 37.64801204143669 91.12291913338916] truck	[685.4075772678669 398.1497577840855 23.334480705554938 38.27167980848316] car	[680.8675251396978 206.68630051680964 20.81317151505209 28.899192102172066] car	
[545.7999937510315 173.20805395203206 37.64801204143669 91.12291913338916] truck	[687.587631916429 471.90827339377205 23.334480705554938 38.27167980848316] car	[681.5942100225518 274.9946795050908 20.81317151505209 28.899192102172066] car	
[545.7999937510315 173.20805395203206 37.64801204143669 91.12291913338916] truck	[699.214590042094 552.9336378319992 23.334480705554938 38.27167980848316] car	[690.9323795090054 345.32119393933004 20.81317151505209 43.95893652265954] car	
[545.7999937510316 176.47813592487535 37.64801204143669 91.12291913338916] truck	[710.1148632849047 641.225851098767 23.334480705554938 38.27167980848316] car	[691.2957219504324 423.80316128756806 20.81317151505209 43.95893652265954] car	
[545.7999937510316 176.47813592487535 37.64801204143669 91.12291913338916] truck	[708.7936180433518 727.767414420477 23.334480705554938 38.27167980848316] car	[698.0662450039836 503.5986115615648 20.81317151505209 43.95893652265954] car	[679.1207212466827 123.31991052601126 25.85805946473249 35] car	
[545.4696824406435 178.79031509759284 37.64801204143669 91.12291913338916] truck	[713.4179763887868 805.0602610513174 23.334480705554938 38.27167980848316] car	[709.9574521779591 585.1855052274517 20.81317151505209 43.95893652265954] car	[676.1474386937214 194.391017940808 31.96347345957429 35] car	
[545.4696824406435 178.79031509759284 37.64801204143669 91.12291913338916] truck	[715.0622633385041 677.9729551455933 20.81317151505209 43.95893652265954] car	[679.4505517976035 267.3597892356573 31.96347345957429 35] car	
[547.2251823466714 181.13098163896348 37.64801204143669 91.12291913338916] truck	[716.660970080783 763.9034425430852 20.81317151505209 43.95893652265954] car	[682.9618646485449 339.88517638435127 27.988030180513988 35] car	
[549.8630484714317 181.57062599309018 37.64801204143669 91.12291913338916] truck	[687.7981824994307 410.202359887817 25.067706036389154 35] car	
[549.8630484714317 181.57062599309018 37.64801204143669 91.12291913338916] truck	[695.2721365195848 488.0194105682436 25.067706036389154 35] car	
[549.8630484714317 181.57062599309018 37.64801204143669 91.12291913338916] truck	[702.3064461856121 559.2417959367697 25.067706036389154 35] car	
[549.8630484714317 181.57062599309018 37.64801204143669 91.12291913338916] truck	
[549.8630484714317 181.57062599309018 37.64801204143669 91.12291913338916] truck	[685.718908916333 219.14039134083677 20.158432164043575 30.27375299770506] car	
[549.8630484714317 181.57062599309018 37.64801204143669 91.12291913338916] truck	[690.3432672617679 297.09386059245367 20.158432164043575 30.27375299770506] car	
[549.8630484714317 181.57062599309018 37.64801204143669 91.12291913338916] truck	[691.5422973184772 372.6327541651328 20.158432164043575 30.27375299770506] car	
[549.8630484714317 181.57062599309018 37.64801204143669 91.12291913338916] truck	[694.7397108030352 446.1732643099632 20.158432164043575 30.27375299770506] car	
[549.8630484714317 181.57062599309018 37.64801204143669 91.12291913338916] truck	[702.3335678288599 516.5163609702356 20.158432164043575 30.27375299770506] car	
[549.8630484714317 181.57062599309018 37.64801204143669 91.12291913338916] truck	[709.8975138775712 594.2207934057619 20.158432164043575 33.304306291608896] car	
[549.8630484714317 181.57062599309018 37.64801204143669 91.12291913338916] truck	[717.4045891136668 678.9006020689204 20.158432164043575 33.304306291608896] car	
[549.8630484714317 181.57062599309018 37.64801204143669 91.12291913338916] truck	[717.4045891136668 758.1753165620902 20.158432164043575 33.304306291608896] car	
[549.8630484714317 181.57062599309018 37.64801204143669 91.12291913338916] truck	[719.4029725415153 833.7142101347692 20.158432164043575 33.304306291608896] car	
[547.864665043583 191.56254313233342 37.64801204143669 91.12291913338916] truck	
[547.864665043583 191.56254313233342 37.64801204143669 91.12291913338916] truck	
[547.864665043583 191.56254313233342 37.64801204143669 91.12291913338916] truck	
[547.864665043583 191.56254313233342 37.64801204143669 91.12291913338916] truck	
[547.864665043583 191.56254313233342 37.64801204143669 91.12291913338916] truck	
[547.864665043583 191.56254313233342 37.64801204143669 91.12291913338916] truck	
[547.864665043583 191.56254313233342 37.64801204143669 91.12291913338916] truck	
[547.864665043583 191.56254313233342 37.64801204143669 91.12291913338916] truck	
[547.864665043583 191.56254313233342 37.64801204143669 91.12291913338916] truck	
[547.864665043583 191.56254313233342 37.64801204143669 91.12291913338916] truck	
[547.864665043583 191.56254313233342 37.64801204143669 91.12291913338916] truck	
[547.864665043583 191.56254313233342 37.64801204143669 91.12291913338916] truck	
[547.864665043583 191.56254313233342 37.64801204143669 91.12291913338916] truck	
[547.864665043583 191.56254313233342 37.64801204143669 91.12291913338916] truck	
[547.4250206894562 194.64005361122042 37.64801204143669 91.12291913338916] truck	
[547.4250206894562 194.64005361122042 37.64801204143669 91.12291913338916] truck	
[547.4250206894562 194.64005361122042 37.64801204143669 91.12291913338916] truck	
[547.4250206894562 194.64005361122042 37.64801204143669 91.12291913338916] truck	[679.1806063573781 216.96522282044285 18.774680999473844 27.322633175054477] car	
[547.4250206894562 194.64005361122042 37.64801204143669 91.12291913338916] truck	[682.9031230033759 288.93387797640077 18.774680999473844 27.322633175054477] car	
[547.4250206894562 194.64005361122042 37.64801204143669 91.12291913338916] truck	[682.9031230033759 288.93387797640077 18.774680999473844 27.322633175054477] car	
[547.4250206894562 194.64005361122042 37.64801204143669 91.12291913338916] truck	[685.7020633972503 432.45305139216714 20.646164852079096 35.253663948259316] car	
[547.4250206894562 194.64005361122042 37.64801204143669 91.12291913338916] truck	[694.6361033476451 510.3777331817217 20.646164852079096 35.253663948259316] car	
[547.4250206894562 194.64005361122042 37.64801204143669 91.12291913338916] truck	[704.215131348903 587.0099571917858 20.646164852079096 35.253663948259316] car	
[547.4250206894562 194.64005361122042 37.64801204143669 91.12291913338916] truck	[709.8106049468793 672.1410912181384 20.646164852079096 35.253663948259316] car	
[547.4250206894562 194.64005361122042 37.64801204143669 91.12291913338916] truck	[711.0096350035885 753.2754583887935 20.646164852079096 35.253663948259316] car	
[547.4250206894562 194.64005361122042 37.64801204143669 91.12291913338916] truck	
[548.3043093977096 188.92467700757334 37.64801204143669 91.12291913338916] truck	[675.0660179295588 23.499263527459906 22.43895374545434 25.333275628259198] car	
[548.3043093977096 188.92467700757334 37.64801204143669 91.12291913338916] truck	[683.473942193986 100.37171394507897 22.43895374545434 25.333275628259198] car	
[548.3043093977096 188.92467700757334 37.64801204143669 91.12291913338916] truck	[680.7440966535876 181.72111104895134 22.43895374545434 25.333275628259198] car	
[549.3943367219908 186.38127991758415 37.64801204143669 91.12291913338916] truck	[681.5550719287615 248.67034083592364 22.43895374545434 36.139985796547364] car	
[549.3943367219908 186.38127991758415 37.64801204143669 91.12291913338916] truck	[680.3539398909861 327.9450553290933 22.43895374545434 36.139985796547364] car	
[549.3943367219908 183.83788282759497 37.64801204143669 91.12291913338916] truck	[686.5307613952457 410.78713197445563 22.43895374545434 36.139985796547364] car	
[549.3943367219908 183.83788282759497 37.64801204143669 91.12291913338916] truck	
[548.9107279324514 180.93623009035878 37.64801204143669 91.12291913338916] truck	
[548.9107279324514 180.93623009035878 37.64801204143669 91.12291913338916] truck	[672.637625038532 52.487899657866876 23.69542400425064 35] car	
[548.9107279324514 180.93623009035878 37.64801204143669 91.12291913338916] truck	[674.439323095195 130.26119910381755 23.69542400425064 35] car	
[548.9107279324516 176.43198494870137 37.64801204143669 91.12291913338916] truck	[678.042719208521 203.5302534081108 23.69542400425064 35] car	
[548.9107279324516 176.43198494870137 37.64801204143669 91.12291913338916] truck	[684.0378694920669 285.0642972643359 23.69542400425064 35] car	
[548.9107279324516 176.43198494870137 37.64801204143669 91.12291913338916] truck	[682.0394860642181 328.6290559914366 23.69542400425064 35] car	
[548.9107279324516 176.43198494870137 37.64801204143669 91.12291913338916] truck	
[548.9107279324516 176.43198494870137 37.64801204143669 91.12291913338916] truck	
[548.9107279324516 174.43360152085273 37.64801204143669 91.12291913338916] truck	[680.9531728531755 122.70141357463562 27.139276635674605 22.239132054543646] car	
[548.9107279324516 174.43360152085273 37.64801204143669 91.12291913338916] truck	
[548.9107279324516 174.43360152085273 37.64801204143669 91.12291913338916] truck	
[548.9107279324517 169.11390483591964 37.64801204143669 91.12291913338916] truck	[689.4446670614927 308.70797760089386 19.9553869443356 35] car	
[548.9107279324517 169.11390483591964 37.64801204143669 91.12291913338916] truck	[692.0825331862529 375.0942750740261 19.9553869443356 35] car	
[548.9107279324517 169.11390483591964 37.64801204143669 91.12291913338916] truck	
[549.2740703738788 167.6605350702115 37.64801204143669 91.12291913338916] truck	
[550.0007552567328 162.21039844880607 37.64801204143669 91.12291913338916] truck	
[550.0007552567328 162.93708333166012 37.64801204143669 91.12291913338916] truck	
[550.0007552567328 162.93708333166012 37.64801204143669 91.12291913338916] truck	
[548.5473854910248 161.48371356595203 37.64801204143669 91.12291913338916] truck	
[548.5473854910248 161.48371356595203 37.64801204143669 91.12291913338916] truck	
[548.5473854910248 161.48371356595203 37.64801204143669 91.12291913338916] truck	
[548.5473854910248 161.48371356595203 37.64801204143669 91.12291913338916] truck	
[548.5473854910248 161.48371356595203 37.64801204143669 91.12291913338916] truck	
[548.5473854910248 161.48371356595203 37.64801204143669 91.12291913338916] truck	
[548.5473854910248 161.48371356595203 37.64801204143669 91.12291913338916] truck	
[548.5473854910248 161.48371356595203 37.64801204143669 91.12291913338916] truck	
[547.8207006081708 157.4869467102547 37.64801204143669 91.12291913338916] truck	
[547.0017469460513 144.6744703748675 37.64801204143669 96.47827640607002] truck	[684.9888984743558 254.7801461874169 15 35] car	[672.9233795804345 31.6215123340762 29.654887890868622 81.5355164335051] truck	
[547.0017469460513 144.6744703748675 37.64801204143669 96.47827640607002] truck	[684.2303051311296 322.932689468407 23.928110071248966 40.89033236056446] car	[674.544109727261 76.93698354987811 29.654887890868622 106.65007190837088] truck	
[547.0017469460513 144.6744703748675 37.64801204143669 96.47827640607002] truck	[686.0320031877925 391.69749863104295 23.928110071248966 40.89033236056446] car	[676.3452660875824 146.89999614760137 33.937304222379 105.86099282967663] truck	
[545.6828138836711 148.01425253011905 42.48224797895648 92.25920554256507] truck	[693.0663128538199 460.72166222893543 23.928110071248966 40.89033236056446] car	[677.6658142668264 217.24309170320942 33.937304222379 108.22243680314921] truck	
[545.6828138836711 148.01425253011905 42.48224797895648 92.25920554256507] truck	[697.4627563950869 531.8641122603475 23.928110071248966 40.89033236056446] car	[678.8648421890003 286.7837141140119 38.50030488815332 108.22243680314921] truck	
[544.5927865593901 130.861378164877 42.48224797895648 105.41531305210984] truck	[706.8254225605691 609.6912747609189 23.928110071248966 40.89033236056446] car	[678.866605043463 355.0896071566655 42.133213124970894 110.8023709770195] truck	[664.4019333593394 149.2698226799403 28.318093718418822 28.532434137950588] car	
[544.5927865593901 128.54919899215952 42.48224797895648 105.41531305210984] truck	[710.2105861287417 688.9937087358684 24.8316634899993 40.89033236056446] car	[685.1583919764666 422.30963661532485 44.45640451415079 117.92823377101814] truck	[665.7668561295386 225.70549781109565 28.318093718418822 28.532434137950588] car	
[544.5927865593901 128.54919899215952 42.48224797895648 105.41531305210984] truck	[713.4290026231263 764.3046547044667 24.8316634899993 40.89033236056446] car	[693.0382616352521 494.40216608953847 44.45640451415079 117.92823377101814] truck	[667.4076758417737 302.25819706860494 19.963390623120176 28.532434137950588] car	
[544.5927865593901 128.54919899215952 42.48224797895648 105.41531305210984] truck	[698.3226716011943 566.0641898770393 44.45640451415079 130.61582412639916] truck	[671.0047660119012 374.5996771567262 19.963390623120176 28.532434137950588] car	
[544.5927865593901 128.54919899215952 42.48224797895648 105.41531305210984] truck	[698.3226716011943 566.0641898770393 44.45640451415079 130.61582412639916] truck	[671.0047660119012 374.5996771567262 19.963390623120176 28.532434137950588] car	
[544.5927865593901 128.54919899215952 42.48224797895648 105.41531305210984] truck	[698.3226716011943 566.0641898770393 44.45640451415079 130.61582412639916] truck	[671.0047660119012 374.5996771567262 19.963390623120176 28.532434137950588] car	
[544.5927865593901 128.54919899215952 42.48224797895648 105.41531305210984] truck	[698.3226716011943 566.0641898770393 44.45640451415079 130.61582412639916] truck	[671.0047660119012 374.5996771567262 19.963390623120176 28.532434137950588] car	
[543.8661016765361 125.2791170193162 44.85528867282051 107.69162811226047] truck	[703.6452568971814 643.6994074787182 37.04997152395583 126.39748445610087] truck	[693.9488169646315 95.45734641110793 22.50158236383811 24.06092374554909] car	[671.4044426974708 454.13533758510255 19.963390623120176 28.532434137950588] car	
[543.8661016765361 125.2791170193162 44.85528867282051 107.69162811226047] truck	[703.6452568971814 643.6994074787182 37.04997152395583 126.39748445610087] truck	[693.9488169646315 95.45734641110793 22.50158236383811 24.06092374554909] car	[671.4044426974708 454.13533758510255 19.963390623120176 28.532434137950588] car	
[543.8661016765361 125.2791170193162 44.85528867282051 107.69162811226047] truck	[703.6452568971814 643.6994074787182 37.04997152395583 126.39748445610087] truck	[693.9488169646315 95.45734641110793 22.50158236383811 24.06092374554909] car	[671.4044426974708 454.13533758510255 19.963390623120176 28.532434137950588] car	
[543.8661016765361 125.2791170193162 44.85528867282051 107.69162811226047] truck	[707.5141272134963 721.0768138050182 37.04997152395583 126.39748445610087] truck	[698.5559343122433 148.2908647105719 22.50158236383811 31.913370799599107] car	[678.9982997232958 528.0755244155029 19.963390623120176 28.532434137950588] car	
[543.8661016765362 121.45733326275848 44.85528867282051 107.69162811226047] truck	[706.5424923745319 795.0673008416874 39.47818384159177 119.9407198661761] truck	[699.0524733689181 216.31619959800628 22.50158236383811 34.35258901966645] car	[690.9248396402862 614.2584428279127 20.138923570873317 33.070792799850665] car	
[543.8661016765362 121.45733326275848 44.85528867282051 107.69162811226047] truck	[707.861425436912 866.7293305643402 39.47818384159177 119.9407198661761] truck	[690.9248396402863 699.5494475284935 20.138923570873317 33.070792799850665] car	
[543.8661016765361 118.37982278387148 44.85528867282051 107.69162811226047] truck	[707.861425436912 940.5895820576266 39.47818384159177 119.9407198661761] truck	[689.1823015489146 783.9815350755255 21.02677374167706 33.94658908714496] car	
[546.0643234471695 118.37982278387148 44.85528867282051 107.69162811226047] truck	[709.1845690710506 1012.2528169595855 39.47818384159177 113.78449084926092] truck	
[546.0643234471695 118.37982278387148 44.85528867282051 107.69162811226047] truck	
[546.5039678012963 113.54373488847764 44.85528867282051 107.69162811226047] truck	
[546.5039678012963 113.54373488847764 44.85528867282051 107.69162811226047] truck	
[546.5039678012963 110.26792023999957 44.85528867282051 107.69162811226047] truck	[662.4818113193121 178.09651361475818 22.56541989880975 35] car	
[546.5039678012963 110.26792023999957 44.85528867282051 107.69162811226047] truck	[663.5718386435933 252.58171410729898 22.56541989880975 35] car	
[546.5039678012963 110.26792023999957 44.85528867282051 107.69162811226047] truck	[665.7518932921556 325.61354483413163 22.56541989880975 35] car	
[542.7801801218432 107.60807189753308 44.85528867282051 107.69162811226047] truck	[666.2845836979668 397.93360855903313 21.491544933462137 35] car	
[537.184706523867 103.61130504183575 44.85528867282051 107.69162811226047] truck	[670.0289105551901 472.9664109279798 17.8859548629149 28.297250880885485] car	[661.1512695939402 107.69912589775628 33.47898456203268 35.000000000000014] car	
[537.184706523867 103.61130504183575 44.85528867282051 107.69162811226047] truck	[681.2198577511426 551.7027179852171 17.8859548629149 28.297250880885485] car	[664.7483597640676 174.44513238790148 33.47898456203268 35.000000000000014] car	
[537.184706523867 103.61130504183575 44.85528867282051 107.69162811226047] truck	[689.1622635959229 634.2778191670368 20.125783673461683 29.2714966827416] car	[666.5038596700956 238.81346227559243 33.47898456203268 35.000000000000014] car	
[532.503373441126 101.85580513580783 44.85528867282051 107.69162811226047] truck	[694.5066241706816 714.2122358749845 20.125783673461683 41.4285439198585] car	[670.0148594821513 304.3521254339686 33.47898456203268 35.000000000000014] car	
[531.9714037726328 99.19595679334134 44.85528867282051 107.69162811226047] truck	[697.0500212606707 791.9675183403688 20.125783673461683 41.4285439198585] car	[671.6107684876314 368.18848565316614 33.47898456203268 35.000000000000014] car	
[531.6080613312058 88.0655283839144 44.85528867282051 115.18863210741713] truck	[683.6012729353224 435.0005245534625 24.422261302053926 35] car	
[528.2227998044301 87.58191959437511 44.85528867282051 115.18863210741713] truck	[687.9613822324467 500.03882156890063 24.422261302053926 35] car	
[528.2227998044301 87.58191959437511 44.85528867282051 115.18863210741713] truck	[699.6924684180495 567.0692820932587 24.422261302053926 40.849515740712036] car	[641.5613116831411 175.9787372773979 26.037065546814233 35] car	
[525.1663802437072 90.1261099766071 49.176968637720165 106.92879844227772] truck	[706.1962981195935 717.674724064762 24.422261302053926 40.849515740712036] car	[646.3574319099778 334.65038144858136 26.037065546814233 35] car	
[525.1663802437072 90.1261099766071 49.176968637720165 106.92879844227772] truck	[707.9517980256214 787.8947203058792 24.422261302053926 40.849515740712036] car	[653.8381100380751 413.0613941678864 26.037065546814233 47.154951720967404] car	
[521.6553804316512 87.20027679989386 49.176968637720165 106.92879844227772] truck	[660.2749430268442 475.6742241495492 26.037065546814233 47.154951720967404] car	
[520.4850471609659 86.61511016455125 49.176968637720165 106.92879844227772] truck	[673.7337756397249 573.9822188871133 26.037065546814233 47.154951720967404] car	
[520.4850471609659 86.61511016455125 49.176968637720165 106.92879844227772] truck	[682.5112751698646 667.6088805419361 26.037065546814233 47.154951720967404] car	[619.2068817828134 37.270255072415125 33.832498590418936 39.24640846184877] car	
[519.1537241213331 83.94686861168782 49.176968637720165 106.92879844227772] truck	[684.1071841753445 733.5731194351067 26.037065546814233 47.154951720967404] car	[627.6000921797777 110.01141184610617 33.832498590418936 39.24640846184877] car	
[518.0897847843463 80.75505060072794 49.176968637720165 106.92879844227772] truck	[680.9153661643845 835.7112957858227 26.037065546814233 47.154951720967404] car	[635.0476743783049 181.31115531772028 36.79906922418843 39.2293170155267] car	
[519.4087178467264 77.67754012184105 49.176968637720165 106.92879844227772] truck	[642.5216283984589 250.3353189156128 36.79906922418843 39.2293170155267] car	
[519.4087178467264 75.27948000842264 49.176968637720165 106.92879844227772] truck	[654.5121351820635 323.4374528947044 29.536351653669612 39.2293170155267] car	[623.7595515021751 52.94341997470269 37.076074732159896 35] car	
[519.4087178467264 75.27948000842264 49.176968637720165 106.92879844227772] truck	[660.8957626806621 395.78692733304206 29.836533608102172 39.2293170155267] car	[634.3989448720413 126.35523422677966 37.076074732159896 35] car	
[520.4987451710075 68.73931606273612 49.176968637720165 106.92879844227772] truck	[671.0695344729995 465.51425237532385 23.376247972024203 39.2293170155267] car	[644.9691375825782 198.29299458117558 37.49430329051802 38.718427427365725] car	[628.0000723598653 72.35347015637322 32.32886054165249 35] car	
[519.1798121086275 65.66180558384923 49.176968637720165 106.92879844227772] truck	[681.1813546179137 538.9348595144834 23.376247972024203 39.2293170155267] car	[652.4430916027321 270.8343130120818 37.49430329051802 38.718427427365725] car	[633.4436446857002 145.87042523656953 38.0171729742824 38.206411338066175] car	
[519.1798121086275 63.24376163615244 49.176968637720165 106.92879844227772] truck	[690.8535304087013 619.2139185780195 23.376247972024203 39.2293170155267] car	[658.7302546827972 343.40341693355595 34.39122620141916 38.718427427365725] car	[644.7129792781404 219.94075096048056 33.20788302649521 35.98353600508014] car	
[516.981590337994 60.166251157265435 49.176968637720165 106.92879844227772] truck	[696.1292626582217 699.2291910290796 23.376247972024203 39.2293170155267] car	[667.963397620352 415.57337781126546 26.764972242160752 38.718427427365725] car	[653.0662220065478 291.60278068313323 33.20788302649521 35.98353600508014] car	[629.234789630552 26.67611086852144 40.47099896294435 35] car	
[518.300523400374 51.81300842885793 49.176968637720165 106.92879844227772] truck	[691.8679098366772 846.842980340605 23.376247972024203 39.2293170155267] car	[688.2273443593016 560.9336525848651 22.539914447197475 38.71842742736567] car	[667.6613884630956 435.61438439787725 24.380684989023734 35.98353600508017] car	[638.4673210672127 153.7333292111387 40.47099896294435 35] car	[616.9908085016136 37.92661607008591 38.34099165922089 34.99999999999999] car	
[517.5011700292346 47.01688820202111 49.176968637720165 106.92879844227772] truck	[693.0669398933865 916.7864003153079 23.376247972024203 39.2293170155267] car	[696.2208780706964 642.8673731266599 22.539914447197475 38.71842742736567] car	[675.65621750272 506.8029219548935 22.7396044946895 35.983536005080225] car	[641.6647345517704 216.48256884558646 40.47099896294435 35] car	[624.9843422130082 97.87811890554559 38.34099165922089 34.99999999999999] car	
[514.9577729392454 46.290203319167006 49.176968637720165 106.92879844227772] truck	[690.1652871561504 990.2949363252926 23.376247972024203 39.2293170155267] car	[697.6717044393143 724.597258558814 22.539914447197475 38.71842742736567] car	[687.262828451665 588.5328073870477 22.7396044946895 35.983536005080225] car	[651.1118565215342 280.03071948344905 34.2805534233172 35] car	[627.5277393029974 158.91964906528625 38.34099165922089 34.99999999999999] car	
[514.9577729392454 46.290203319167006 49.176968637720165 106.92879844227772] truck	[694.764964907898 801.2625136999169 22.539914447197475 38.71842742736567] car	[689.0795406588 672.1015689152641 22.7396044946895 35.983536005080225] car	[655.4719658186584 344.34233161603294 34.2805534233172 35] car	[629.3444515101326 221.414548990735 38.34099165922089 34.99999999999999] car	
[513.1410607321102 33.57321786922101 49.176968637720165 106.92879844227772] truck	[690.7681980522007 876.4743990753117 22.539914447197475 38.71842742736567] car	[691.2595953073624 752.0369060292104 22.7396044946895 35.983536005080225] car	[663.4657050185922 407.1659862205445 28.458547306371884 35] car	[638.7922228217958 282.3825884298289 32.116718731160404 35] car	
[511.01318205813686 30.913369526754522 49.176968637720165 106.92879844227772] truck	[689.8673490238692 948.8426043512735 22.539914447197475 38.71842742736567] car	[690.3587462790309 825.3059603335038 22.7396044946895 35.983536005080225] car	[671.4594092078269 470.6858844529602 23.62848217611281 35] car	[643.5887006114632 345.50122530336176 29.55221075828581 35] car	
[509.69424899575665 24.318704214853923 49.176968637720165 106.92879844227772] truck	[689.8673490238691 1024.02178890694 22.539914447197475 38.71842742736567] car	[689.4794575707774 899.6058561809168 22.7396044946895 35.983536005080225] car	[678.4937188738543 536.192893217839 23.62848217611281 35] car	[648.4251855732709 407.4574545119577 26.70437564499025 35] car	
[509.69424899575665 24.318704214853923 49.176968637720165 106.92879844227772] truck	[679.9188304335086 1092.4097025682106 31.092649550622696 38.71842742736567] car	[684.7981244880363 973.9220188694326 22.7396044946895 35.983536005080225] car	[688.1027751760569 609.4619475221323 23.62848217611281 35] car	[649.92660062049 471.41773552349235 26.70437564499025 35] car	
[512.2376460857458 15.23514317917828 49.176968637720165 106.92879844227772] truck	[680.8013576323387 1046.9538495962652 22.7396044946895 35.983536005080225] car	[689.919487383192 683.9471480146731 23.62848217611281 35] car	[660.4642170980715 536.76130995251 21.78657680293111 35] car	
[510.78427632003763 11.601718764907886 49.176968637720165 106.92879844227772] truck	[689.192802500338 755.5256089757975 23.62848217611281 35] car	[668.4181229781015 607.249275633654 21.78657680293111 38.356266420934276] car	
[509.33090655432966 6.878267026356525 49.176968637720165 106.92879844227772] truck	[686.7947423869196 821.472262094803 23.62848217611281 35] car	[669.217476349241 684.386875948612 21.78657680293111 38.356266420934276] car	
[508.1318764976204 4.480206912938115 49.176968637720165 106.92879844227772] truck	[688.3934491291984 888.2182685849481 23.62848217611281 35] car	[668.018446292532 756.3286793511636 21.78657680293111 38.356266420934276] car	
[508.1318764976204 4.480206912938115 49.176968637720165 106.92879844227772] truck	[681.1992687889433 955.3639517606628 23.62848217611281 35] car	[666.8194162358228 819.8772723567508 21.78657680293111 38.356266420934276] car	
[507.60249983009726 4.503553611284261 49.176968637720165 94.90205614755627] truck	[681.2867603385132 1088.6985891455483 23.62848217611281 35] car	
[507.4220996509798 4.394304188195619 51.83455401304843 90.92080659618838] truck	
[507.214907660452 4.403441819676857 51.83455401304843 86.21367681794396] truck	
[507.214907660452 4.403441819676857 51.83455401304843 86.21367681794396] truck	
[506.01587760374264 2.6142216351613 51.83455401304843 86.21367681794396] truck	
[505.6211760712496 2.6316288579975335 51.83455401304843 77.24657663041091] truck	
[505.4443861640391 2.6394256894173935 51.83455401304843 73.23014223734477] truck	
[505.21192646378677 2.6496776835689744 51.83455401304843 67.94896329547143] truck	
[505.01606371950766 2.6583156698809276 51.83455401304843 63.49921910556994] truck	
[504.99853960060307 2.659088522828455 51.83455401304843 63.1010941504332] truck	
[504.7150562618008 2.671590773878062 51.83455401304843 56.66072518484786] truck	
[504.4614867872151 2.6827737564236287 51.83455401304843 50.899959907986684] truck	





[604.0215176613792 86.91593824813015 26.284804221777335 35] car	
[614.8127881717621 162.85450850637903 26.284804221777335 35] car	
[620.807938455308 234.39663522336076 26.284804221777335 35] car	
[628.0021187955631 311.9339122238885 26.284804221777335 35] car	
[634.3969457646788 384.67506899757944 26.284804221777335 35] car	[594.6970302252497 47.92859878084026 30.643640438899297 35] car	
[645.1885664271164 461.76255628654553 19.112383131144952 35] car	[604.8719090576438 124.11610613559577 30.643640438899297 35] car	
[654.8607422179039 538.7003182587187 19.112383131144952 35] car	[615.4233735566849 199.73493504538874 30.643640438899297 35] car	
[665.8518510710715 630.5859882711999 19.112383131144952 35] car	[622.4576832227119 274.47447524692836 30.643640438899297 35] car	[640.3836378665758 50.33239396157523 44.465699752586715 86.6711078436669] truck	
[666.8190686501501 716.6683528092086 19.112383131144952 35] car	[628.1730598263589 353.1708146356084 30.643640438899297 35] car	[641.3508554456545 83.70140043979211 44.465699752586715 86.6711078436669] truck	
[662.7743405921844 801.1679976723608 19.112383131144952 35] car	[636.9698191643497 429.3975300042642 23.329970024451313 35] car	[608.4210226659013 127.55721834261783 23.327196748561278 32.88755239443458] car	[654.2465471477101 116.94905981362396 32.988857491249064 86.6711078436669] truck	
[660.9475164707646 875.4943798880822 21.61690355617918 35] car	[642.7832982271821 506.789470028221 23.329970024451313 35] car	[617.5032994816304 201.59972105740962 28.23205642003677 32.88755239443458] car	[658.1154174640251 149.8344575023013 32.988857491249064 86.6711078436669] truck	
[653.4999411118583 951.0340728141325 21.61690355617918 35] car	[657.2549766203299 592.7180397876289 23.329970024451313 38.62191314042775] car	[621.8997430228973 276.33926125894925 28.23205642003677 32.88755239443458] car	[663.4351141489583 188.52316066545131 32.988857491249064 86.6711078436669] truck	
[650.8910425470929 1029.3060895704593 28.429686377892267 34.10942163310324] car	[659.4531983909634 687.2415759248702 23.329970024451313 38.62191314042775] car	[627.6151196265444 351.07880146048893 28.23205642003677 32.88755239443458] car	[665.3695493071157 218.99051440643188 32.988857491249064 86.6711078436669] truck	
[656.8153322662033 772.0929362713241 23.329970024451313 38.62191314042775] car	[631.5719188136849 423.1804755372683 28.23205642003677 32.88755239443458] car	[669.7220284129701 252.35952088464876 32.988857491249064 86.6711078436669] truck	
[655.0567548496965 849.0306982434972 23.329970024451313 38.62191314042775] car	[640.3662798606623 500.20931765847683 22.60249991406033 32.88755239443458] car	[672.1400723606671 288.1465713105624 32.988857491249064 86.6711078436669] truck	
[649.7810226001761 931.2441924651907 23.329970024451313 38.62191314042775] car	[653.1159661303368 583.7417449425507 22.60249991406033 32.88755239443458] car	[675.5253338874427 321.9991865783187 32.988857491249064 86.6711078436669] truck	
[646.7035121212892 1013.0180423327577 23.329970024451313 38.62191314042775] car	[660.150275796364 675.187770600905 22.60249991406033 32.88755239443458] car	[606.31944322034 104.04594557450395 21.926205417480332 35.04841860479738] car	[678.9105954142183 355.85180184607486 32.988857491249064 86.6711078436669] truck	
[640.4138995087225 1094.1470808836941 28.42643956695963 38.62191314042775] car	[658.699449427746 757.4012648225985 22.60249991406033 32.88755239443458] car	[614.6763193731617 174.1710367699203 21.926205417480332 35.04841860479738] car	[681.3286393619153 389.22080832429174 32.988857491249064 86.6711078436669] truck	
[656.281405480049 835.2622799384378 22.60249991406033 32.88755239443458] car	[622.8976687953311 244.77792004266894 21.926205417480332 35.04841860479738] car	[686.6483360468483 423.073423592048 32.988857491249064 86.6711078436669] truck	
[649.6867401681484 911.3207532023575 22.60249991406033 32.88755239443458] car	[625.5348470362633 315.9193711058893 31.44937588861103 35.04841860479735] car	[689.5499887840845 459.34408280750097 32.988857491249064 86.6711078436669] truck	
[646.3014786413728 987.7309419495788 22.60249991406033 32.88755239443458] car	[632.7892621870369 388.49402265146676 27.527220355808936 35.04841860479735] car	[694.0816229184119 493.03385187640606 29.899441955598718 86.67110784366696] truck	
[642.8050378589866 1061.0746375526646 32.899602513446894 26.182333473289418] car	[638.109375084606 462.53513775558457 21.765108024015376 35.04841860479735] car	[696.9832756556482 531.722555039556 29.899441955598718 86.67110784366696] truck	
[646.3307245067754 532.658412238794 21.765108024015376 35.04841860479735] car	[697.9504932347269 566.0587790968516 29.899441955598718 86.67110784366696] truck	
[657.9373354557204 621.6424295140389 21.765108024015376 35.04841860479735] car	[702.3029723405816 605.7146998390803 29.899441955598718 86.67110784366696] truck	
[657.9373354557202 704.3755034269732 21.765108024015376 35.04841860479735] car	[700.3045889127329 642.4849549114956 29.899441955598718 86.67110784366696] truck	[592.305949270787 21.854144301304018 35.69117719511223 35] car	
[654.9645336622264 776.3833690916024 21.765108024015376 35.04841860479735] car	[701.6258341542857 678.8191990541986 29.899441955598718 86.67110784366696] truck	[601.8922119397254 95.38008979701834 35.69117719511223 37.886802350675026] car	
[652.7663118915929 851.5625536472687 21.765108024015376 35.04841860479735] car	[699.8672567377789 713.5511030302082 29.899441955598718 86.67110784366696] truck	[611.4407320690601 166.40795265259547 35.69117719511223 42.041807389159544] car	[742.2838914363522 263.27443184536014 20.859961907023717 35] car	
[649.0425242121398 927.6342162418122 21.765108024015376 35.04841860479735] car	[700.3992264062722 749.1930708192602 29.899441955598718 86.67110784366696] truck	[618.8883074279665 241.41567591015234 35.69117719511223 42.041807389159544] car	[748.6675274582719 320.19518637414444 20.859961907023717 35] car	
[646.9561798579236 990.7930565425802 21.765108024015376 25.086371983151025] car	[699.8672567377789 782.7071599343388 29.899441955598718 86.67110784366696] truck	[624.2080041128995 318.0193081731892 35.69117719511223 42.041807389159544] car	[753.9427816882676 374.8097133738464 20.859961907023717 37.30708396314003] car	[599.580639040581 63.800168096143864 26.77653872170481 35] car	
[694.8067517440586 817.4153564797549 35.494946355727734 86.67110784366696] truck	[630.0636675786467 394.22516033025835 31.1822181886605 42.041807389159544] car	[761.390357047174 428.00668022317757 20.859961907023717 37.30708396314003] car	[608.0921537364741 140.93577002767398 26.77653872170481 35] car	
[693.2108427385788 852.5253546003133 35.494946355727734 86.67110784366696] truck	[638.580690875879 466.75796795292456 24.968217772257162 42.041807389159544] car	[767.7739930690939 490.77910110538835 20.859961907023717 37.30708396314003] car	[617.1528233956849 214.86498275976925 30.884720993382416 36.65450163436495] car	
[692.3168883237938 883.5959236621248 40.066875614796686 82.71092992846752] truck	[649.7716380718314 547.4926584380102 24.968217772257162 42.041807389159544] car	[772.5701132959307 549.5315738841389 20.859961907023717 37.30708396314003] car	[620.7499135658124 292.80193644586666 30.884720993382416 36.65450163436495] car	
[689.4846818087353 918.2904534715901 40.066875614796686 82.71092992846752] truck	[658.7081868337199 641.2531056490818 24.968217772257162 45.63499480938867] car	[777.8898099808637 609.11217675539 20.859961907023717 37.30708396314003] car	[626.0696102507454 369.4055687089035 30.884720993382416 36.65450163436495] car	
[688.3889399919092 955.0477129528059 40.066875614796686 77.18608955224988] truck	[659.6754044127986 725.8846438184721 24.968217772257162 45.63499480938867] car	[783.2095066657969 671.4977106059694 20.859961907023717 37.30708396314003] car	[633.3243107125447 448.66412340506025 25.89050414029498 36.65450163436492] car	
[684.8486818480862 989.7422427622714 40.066875614796686 77.18608955224988] truck	[657.3172745582565 802.5984940005112 24.968217772257162 39.779833478275805] car	[784.6256099233261 735.2223571947831 20.859961907023717 37.30708396314003] car	[646.4716856620086 525.3171006641701 20.628237891023332 32.57592174082788] car	
[682.9142466899286 1024.5620756091066 40.066875614796686 77.18608955224988] truck	[654.0414599097783 880.9450610099453 24.968217772257162 39.779833478275805] car	[783.5336717071667 792.00314443507 20.859961907023717 37.30708396314003] car	[659.5986106414075 615.9140084083956 20.628237891023332 34.7940149120999] car	
[681.9470291108498 1056.480255718705 40.066875614796686 77.18608955224988] truck	[648.7217632248451 954.9372058094696 24.968217772257162 39.779833478275805] car	[781.5992365490094 854.3886782856492 20.859961907023717 37.30708396314003] car	[660.0822194309469 704.414416894101 20.628237891023332 34.7940149120999] car	
[682.7305934223814 1090.1449076748709 40.066875614796686 43.50319968199051] truck	[644.3692841189907 1035.699873662545 24.968217772257162 39.779833478275805] car	[781.11562775947 912.9053418199135 20.859961907023717 37.30708396314003] car	[659.1150018518682 784.2098671680978 20.628237891023332 34.7940149120999] car	
[638.3431038924218 1112.6368837143564 25.669153094052263 36.871149043048035] car	[778.2139750222336 971.9056141437172 20.859961907023717 37.30708396314003] car	[659.5986106414074 864.0053174420946 20.628237891023332 34.7940149120999] car	
[774.4901873427805 1034.678035025928 20.859961907023717 37.30708396314003] car	[652.6830049509942 944.864707053078 20.628237891023332 34.7940149120999] car	
[645.2342553800358 1024.238226227779 30.941422346395143 34.79401491209978] car	
[640.4465283635961 1100.8418584908154 30.941422346395143 34.79401491209978] car	


[595.3740501037653 27.252886069797107 27.899681815943836 26.137008200445216] car	
[607.8268285845171 96.02205072489129 27.899681815943836 36.903870294797144] car	
[613.8219788680632 170.36191424086127 27.899681815943836 36.903870294797144] car	[628.5303675191237 33.40990537765093 26.098496514963813 76.35038122558082] truck	
[623.0706955589332 250.29725135480743 27.899681815943836 36.903870294797144] car	[636.4578389684407 101.12372400723348 26.098496514963813 76.35038122558082] truck	
[627.9067834543268 328.6418752601861 27.899681815943836 36.903870294797144] car	[643.0593231367642 173.27088421634068 29.65504811655228 76.3503812255808] truck	
[635.6445240869568 409.40454311326164 27.899681815943836 36.903870294797144] car	[649.8298461903154 243.8777674890893 29.65504811655228 76.3503812255808] truck	
[641.4480813161338 488.18961557008487 20.500139710512826 36.90387029479717] car	[653.6987165066304 312.0666068141411 29.65504811655228 76.3503812255808] truck	
[656.4399537918545 572.8211537394754 20.500139710512826 36.90387029479717] car	[659.5020219811029 385.57514282412603 29.65504811655228 76.3503812255808] truck	
[661.2760416872482 666.1576501205747 20.500139710512826 36.90387029479717] car	[665.9132620233905 456.7696069158578 29.65504811655228 71.40719241174594] truck	
[660.2121023502614 755.5285544274507 20.500139710512826 36.90387029479717] car	[674.956746387777 534.4371785158814 29.65504811655228 71.40719241174594] truck	
[658.4940569732324 837.5063039537016 20.500139710512826 22.56216245188125] car	[680.9624065766535 616.1141570846016 29.65504811655228 71.40719241174594] truck	
[651.9124958271782 916.8465449461567 20.500139710512826 26.790826859539152] car	[678.9805387143242 694.7282489569951 29.65504811655228 71.40719241174594] truck	
[643.4587342865685 994.6836371831808 24.601561687994035 26.790826859539152] car	[677.0461035561667 774.5236992309917 29.65504811655228 71.40719241174594] truck	
[640.4559041921302 1076.3606157519012 24.601561687994035 26.790826859539152] car	[673.7429904522846 847.7927535352851 29.65504811655228 71.40719241174594] truck	
[668.161970016294 918.3759463570979 40.911245943813924 64.7930202449121] truck	
[663.765526475027 988.7190430173705 40.911245943813924 64.7930202449121] truck	
[658.0501498713797 1058.6224953235162 40.911245943813924 64.7930202449121] truck	






[654.7367079213191 53.8503815501507 30.50784619116041 35] car	
[657.6383606585553 130.74417908691123 30.50784619116041 35] car	
[659.0891870271734 206.67075904459296 30.50784619116041 35] car	[664.2347238346842 48.27681845842977 25.608455549505948 31.03205093477328] car	
[659.0891870271734 206.67075904459296 30.50784619116041 35] car	[664.2347238346842 48.27681845842977 25.608455549505948 31.03205093477328] car	
[662.286600511731 277.8756197853932 30.50784619116041 40.932739574157665] car	[664.2347238346844 119.25280250878825 25.608455549505948 31.03205093477328] car	
[662.286600511731 277.8756197853932 30.50784619116041 40.932739574157665] car	[664.2347238346844 119.25280250878825 25.608455549505948 31.03205093477328] car	
[665.2894306061692 350.2165266059509 23.244008625128004 40.932739574157665] car	[669.0672947940201 192.42659626043735 20.626706077612766 31.03205093477328] car	[642.8915236678864 188.65304023437315 23.33413572361235 33.58529090625879] car	
[676.4429802831412 500.88646121840736 23.244008625128004 39.13862116656048] car	[670.9839293977034 335.3931808816916 20.626706077612766 31.03205093477328] car	[645.1490300437813 343.7753337578313 23.33413572361235 33.58529090625879] car	[638.5599025589686 126.83353024293169 26.01595681635058 34.282197416492096] car	[664.4130645954349 69.789631216351 31.01906670158587 28.56769177671643] car	
[688.4543006608942 582.8637227965714 23.244008625128004 39.13862116656048] car	[673.2274670712784 401.8402063762935 20.626706077612766 36.95661488514253] car	[646.3501620815567 423.05004825100093 23.33413572361235 33.58529090625879] car	[641.5627326534067 203.4056976511069 26.01595681635058 34.282197416492096] car	[665.3139136237664 141.55727047342498 31.01906670158587 28.56769177671643] car	
[691.5318111397812 674.3097484549256 23.244008625128004 39.13862116656048] car	[676.744621904292 474.82116916132634 20.626706077612766 36.95661488514253] car	[653.6216291657698 499.1114194445296 18.260888754682696 33.58529090625882] car	[642.4420213616601 284.73990316454706 26.01595681635058 34.282197416492096] car	
[691.5318111397812 754.2450855688717 23.244008625128004 39.13862116656048] car	[684.3748131742598 549.3063696538669 20.626706077612766 36.95661488514253] car	[665.9781054504301 583.5335999775444 18.260888754682696 38.54535258271096] car	[644.2587335687952 361.76850074707687 26.01595681635058 34.282197416492096] car	
[690.166888369582 835.3214981187044 23.244008625128004 39.13862116656048] car	[692.8373343494948 635.8424732844964 20.626706077612766 36.95661488514253] car	[672.5297347473863 676.6213329051302 18.260888754682696 38.54535258271096] car	[646.060431625458 438.6409511646959 26.01595681635058 34.282197416492096] car	[670.1222849244118 357.881416631783 24.20040993720818 35] car	
[691.968586426245 912.1939485363237 28.40036352061668 39.13862116656048] car	[693.7969336760528 716.9484186193224 20.626706077612766 32.722304661053386] car	[668.322790991537 761.1158112213708 21.11408858217112 33.3272168559007] car	[652.9542816503803 513.9983750743646 22.0749609673627 38.21226470836757] car	[670.1222849244118 429.3487728794133 24.20040993720818 35] car	
[691.5289420721182 987.8127774461168 28.40036352061668 39.13862116656048] car	[696.4347998008129 796.0844023621291 20.626706077612766 32.722304661053386] car	[669.6417240539172 845.5275272136981 21.11408858217112 33.3272168559007] car	[668.7814783989415 604.5651120244656 22.0749609673627 38.21226470836757] car	[678.0358832986924 501.89009131031946 24.20040993720818 35] car	
[690.2100090097383 1062.1126732935297 28.40036352061668 39.13862116656048] car	[695.9944440215673 870.7726778941171 24.32150458875651 32.722304661053386] car	[668.322789813862 924.6655726457481 24.72337525033629 33.3272168559007] car	[670.1004114613216 695.5714933286934 22.0749609673627 38.21226470836757] car	[689.9479361931583 580.4666908007921 24.20040993720818 38.63737183240164] car	
[697.0844713458484 1017.9263666720635 24.32150458875651 32.722304661053386] car	[671.9562134596399 1080.9041678160538 27.07861766210317 33.32721685590059] car	[669.7370163610726 861.6026941896444 27.1173373440771 38.21226470836757] car	[694.3080454902827 744.3341318843818 24.20040993720818 38.63737183240164] car	
[696.8114867918086 1092.72413447898 24.32150458875651 32.722304661053386] car	[668.3720935908733 940.4952303071584 27.1173373440771 38.21226470836757] car	[694.0350609362426 822.953683447856 24.20040993720818 38.63737183240164] car	
[670.2829854691522 1019.6607509787123 27.1173373440771 38.21226470836757] car	[696.7649064766409 900.4812967951705 24.20040993720818 38.63737183240164] car	
[676.4871798791487 1098.578103873866 27.1173373440771 38.21226470836757] car	[698.5020809114399 973.6907908331276 24.20040993720818 38.63737183240164] car	
[704.4581075450365 1047.6447882002842 24.20040993720818 38.63737183240164] car	

[681.5201338740192 24.695226363939522 30.997156734973828 35] car	
[671.4602719528225 102.23714720189368 30.997156734973828 31.62620639018131] car	
[667.9176816060177 177.3773529788595 30.997156734973828 31.62620639018131] car	
[661.4653194196216 251.08318256961644 30.997156734973828 31.62620639018131] car	
[658.1622063157392 325.7335387173513 30.997156734973828 31.62620639018131] car	[693.7651927069244 32.297306364161244 29.09870132865126 108.05751881841911] truck	
[658.1373396416491 400.9481441182953 24.785599379254336 31.626206390181324] car	[689.768425851227 102.05905511815061 29.09870132865126 108.05751881841911] truck	
[657.8370566322053 473.3163493942569 24.785599379254336 31.626206390181324] car	[684.6636146906822 175.3281094224438 29.09870132865126 108.05751881841911] truck	
[667.4461129344078 551.0896488402075 24.785599379254336 31.626206390181324] car	[678.6579545018055 246.49518266063018 29.09870132865126 108.05751881841911] truck	
[678.8571318132331 638.4362540799112 19.953567712009658 31.626206390181324] car	[677.668291732164 313.5525997606169 32.463302280680296 111.04822264759213] truck	
[683.5805835517845 718.3715911938573 19.953567712009658 31.626206390181324] car	[679.1572983905633 385.024919363775 32.463302280680296 111.04822264759213] truck	
[684.6706108760657 798.6702707492304 19.953567712009658 31.626206390181324] car	[679.8839832734175 452.969955910629 32.463302280680296 111.04822264759213] truck	
[690.3859874797128 875.168388367277 19.953567712009658 31.626206390181324] car	[688.2400398783222 522.6309398978103 28.916549599653877 122.6258025133244] truck	
[699.3944777630275 952.0408387848961 19.953567712009658 31.626206390181324] car	[696.0473981238619 601.3050883720925 28.916549599653877 122.6258025133244] truck	
[706.4989719680718 1025.4035987098641 25.132368999399773 31.626206390181324] car	[701.8706911516098 680.0737589920822 31.179022187206442 119.14555524063121] truck	[694.3101398575654 105.36999632214912 26.200853883792206 35.00000000000007] car	
[716.1642956520765 1098.1617404549515 26.662083554464743 31.626206390181324] car	[702.7438008706054 758.1524122111397 36.31531012172525 119.14555524063121] truck	[687.2758301915381 175.27344862829506 26.200853883792206 35.00000000000007] car	
[716.1642956520765 1098.1617404549515 26.662083554464743 31.626206390181324] car	[702.7438008706054 758.1524122111397 36.31531012172525 119.14555524063121] truck	[687.2758301915381 175.27344862829506 26.200853883792206 35.00000000000007] car	
[708.3296489137484 829.4384802142662 38.362115669520676 119.14555524063121] truck	[682.1734279256652 246.70373835376216 25.27735162823069 35.83292476199307] car	
[711.6117251334923 903.5725318992949 38.362115669520676 109.00959090363426] truck	[679.170597831227 317.57052858250483 25.27735162823069 35.83292476199307] car	[673.3065760729364 99.50742048729876 22.309493341972257 29.363643348092268] car	
[720.316683345201 977.5646766988191 38.362115669520676 109.00959090363426] truck	[677.1722144033783 390.7113620417656 25.27735162823069 35.83292476199307] car	[669.7094859028089 178.24372754453577 22.309493341972257 29.363643348092268] car	
[723.9940745944904 1044.887394231159 38.362115669520676 79.02056647206177] truck	[679.6538921673767 459.5215182253619 25.27735162823069 35.83292476199307] car	[662.7156667497221 254.9501311590367 22.309493341972257 29.363643348092268] car	
[688.9026902977761 534.5198260753783 21.456233560943474 35.83292476199301] car	[660.8106183337844 327.89305254780334 22.309493341972257 34.37536897183958] car	
[696.5733306592261 613.0310862455145 21.456233560943474 35.83292476199301] car	[659.127193466271 400.2887882504867 22.309493341972257 42.297611730472624] car	[709.9574636885636 104.64970860995645 25.969269751232332 35.000000000000014] car	
[704.2168981723416 692.7425760251482 21.456233560943474 35.83292476199301] car	[662.032499686853 480.62859639724854 22.309493341972257 35.935122536723554] car	[706.0718405692452 137.9820940493213 25.969269751232332 34.66340760043536] car	
[709.9222753517743 843.7849297753925 21.456233560943474 35.83292476199301] car	[679.7491972440387 657.4952889596618 22.309493341972257 35.935122536723554] car	[702.7049619808076 211.49097298317378 25.969269751232332 30.507911265500667] car	
[712.7285392497079 918.8837563295548 25.815656912982263 28.390352256115648] car	[682.2925943340279 743.9707900192949 22.309493341972257 35.935122536723554] car	[703.7949893050886 244.5551351530334 25.969269751232332 30.507911265500667] car	
[717.9064289724867 990.8398963238016 30.661138258650908 28.390352256115648] car	[683.9441508859688 826.8789289267352 22.309493341972257 35.935122536723554] car	[701.9932912484257 279.08768123907345 25.969269751232332 30.507911265500667] car	
[726.2596717008943 1060.7433486299478 30.661138258650908 28.390352256115648] car	[691.9772497242614 906.4765539798684 22.309493341972257 31.253748644459733] car	[699.3554251236656 313.3799408609566 25.969269751232332 30.507911265500667] car	
[699.9047211735783 985.4209571626504 22.309493341972257 31.253748644459733] car	[699.7907483657496 346.00295491543716 25.969269751232332 33.02527431678243] car	[671.4876068406188 120.52303836516961 24.463662664771846 22.396479999833048] car	[695.2622609628089 91.38632668934446 20.01093748792664 30.216034823794303] car	
[711.9949409120628 1058.9294931726358 22.309493341972257 31.253748644459733] car	[700.7579659448285 380.82278776227236 25.969269751232332 33.02527431678243] car	[664.6868879163051 194.74734893424673 24.463662664771846 24.84175292188823] car	[687.5767301943337 166.8829384219975 25.817014762588315 27.500439330336036] car	
[700.3976867378552 411.0242677151094 25.969269751232332 37.34132847358478] car	[659.9784545451041 264.60753799716616 24.463662664771846 33.84280631175318] car	[684.7357689300951 235.46314541074474 25.817014762588315 30.863322864871748] car	
[700.3976867378551 446.5954927308154 25.969269751232332 37.34132847358478] car	[658.7794244883949 339.34707819870584 24.463662664771846 33.84280631175318] car	[681.9380321311069 303.80785864316874 25.817014762588315 30.863322864871748] car	
[706.3081191939691 480.75232978848675 22.238890064623547 37.34132847358484] car	[655.5093425155517 414.55896357410063 24.463662664771846 33.84280631175318] car	[671.4028820204963 363.3050168875038 21.164571882047653 30.863322864871748] car	
[706.308119193969 517.3322600298254 22.238890064623547 37.34132847358484] car	[656.8742652857509 489.0837468269771 24.463662664771846 33.84280631175318] car	[676.3166039932136 447.93022863985436 21.164571882047653 30.863322864871748] car	
[710.1299029505267 545.449669095929 22.238890064623547 37.34132847358484] car	[670.2505084337031 564.973452850053 24.463662664771846 33.84280631175318] car	[679.0464495336121 520.8171045684919 21.164571882047653 30.863322864871748] car	
[712.5867639368852 583.9404912155466 22.238890064623547 37.34132847358484] car	[680.623921487217 657.788201223599 24.463662664771846 33.84280631175318] car	[692.24612400898 592.3383760626245 17.93657907554848 38.30057383922383] car	
[715.0436249232437 624.0692206594033 22.238890064623547 37.34132847358484] car	[683.0807824735756 741.86744386787 24.463662664771846 33.84280631175318] car	[697.9787996438167 672.049865842258 17.93657907554848 38.30057383922383] car	
[717.6861154063494 657.7609743190005 22.238890064623547 37.34132847358484] car	[688.0354521293989 822.4634036025925 24.463662664771846 33.84280631175318] car	[703.5940919204162 749.3427124730983 17.93657907554848 38.30057383922383] car	
[719.8843371769831 694.251455711517 22.238890064623547 37.34132847358484] car	[694.1904730871727 903.3579647619058 24.463662664771846 33.84280631175318] car	[706.2310098035266 821.9324907656928 20.414067126683562 38.30057383922383] car	[672.7670623644891 87.75750963224026 26.887171195951055 22.15105334273545] car	
[721.8662050393123 728.9341433022787 22.238890064623547 37.34132847358484] car	[705.0907463299834 979.9901887719698 24.463662664771846 33.84280631175318] car	[711.1856794593496 896.5828469134277 20.414067126683562 38.30057383922383] car	[662.3713899979134 159.88288126818634 26.887171195951055 27.9843630970434] car	
[722.8571389704766 768.2411892384754 22.238890064623547 37.34132847358484] car	[714.3394630208531 1054.3102336093164 24.463662664771846 33.84280631175318] car	[722.5368202954807 969.8201881411446 20.414067126683562 32.34249363858976] car	[657.5353021025196 242.97566419813336 26.887171195951055 27.9843630970434] car	
[725.0553607411102 799.0162940273447 22.238890064623547 37.34132847358484] car	[731.329707378015 1042.3615065720505 20.414067126683562 32.34249363858976] car	[653.0220249696329 317.71171048496814 26.887171195951055 31.894674803398743] car	
[729.8514809679469 832.1894589296326 22.238890064623547 37.34132847358484] car	[652.6878715840186 391.24136586369224 26.887171195951055 40.29585493708504] car	
[733.048894452505 865.7623005174901 22.238890064623547 37.34132847358484] car	[653.3043533240499 476.49242432169376 22.069087190205323 34.0312263804409] car	
[737.7723461910564 902.096544660193 22.238890064623547 37.34132847358484] car	[665.2946538911417 560.7878707327643 22.069087190205323 34.0312263804409] car	
[742.8591403710349 936.9774190371877 22.238890064623547 37.34132847358484] car	[675.4682422510987 654.5302206209376 22.069087190205323 34.0312263804409] car	
[745.7658799024512 969.3148963241932 22.238890064623547 37.34132847358484] car	[679.4650091067961 743.5491187705596 22.069087190205323 34.0312263804409] car	
[747.7003150606088 1002.6839028024101 22.238890064623547 37.34132847358484] car	[684.3010970021899 831.565918466726 22.069087190205323 34.0312263804409] car	
[745.5028387310335 1043.1010801287118 30.95682785326403 30.905923125810205] car	[694.8525615012308 912.4604796260396 22.069087190205323 34.0312263804409] car	
[752.0975040429341 1075.6347623340876 30.95682785326403 30.905923125810205] car	[701.4472268131314 993.79468513948 22.069087190205323 34.0312263804409] car	
[713.3176243745523 1076.0081793611737 22.069087190205323 34.0312263804409] car	
[657.3200078827853 46.69618923240038 29.98985640255637 31.335632750886667] car	
[655.5828334479863 120.15385104675741 29.98985640255637 31.335632750886667] car	
[655.8310012243862 192.37067397911522 29.98985640255637 31.335632750886667] car	
[653.3493234603875 267.8136780046711 29.98985640255637 31.335632750886667] car	
[655.0864978951865 342.2640109246276 29.98985640255637 31.335632750886667] car	[637.000614895294 73.88093832185568 24.60915245716103 30.526420676238388] car	
[657.9946684468772 414.4804378247268 24.48811826247413 31.335632750886646] car	[633.7744338020959 153.29462676980933 24.60915245716103 30.526420676238388] car	
[663.0814626268557 487.5122685515595 24.48811826247413 31.335632750886646] car	[634.1377762435231 232.13993655947442 24.60915245716103 30.526420676238388] car	
[675.436050209444 564.4823053887335 20.856583979602192 31.33563275088659] car	[637.0011424065865 308.8459477329855 24.60915245716103 33.261415306290644] car	
[685.0682348819633 652.02236234258 20.856583979602192 34.63204356114352] car	[635.0934145575526 384.483041072834 24.60915245716103 36.900547540986] car	
[686.7197914339042 732.9486333876908 20.856583979602192 34.63204356114352] car	[638.3965276614344 464.74868949716836 24.60915245716103 36.900547540986] car	
[690.7165582896014 810.3405734116479 20.856583979602192 34.63204356114352] car	[648.2067735799643 540.6872597554171 24.60915245716103 36.900547540986] car	
[691.8065856138826 885.9158012284697 20.856583979602192 34.63204356114352] car	[659.4703892642024 636.9730067335794 24.60915245716103 36.900547540986] car	
[641.7213779221306 32.55588373167508 27.84286719020713 31.571273042751507] car	[616.6514205777723 8.267667591795812 31.59060093386222 17.690139481539568] car	
[648.9281701487824 101.32069289431092 27.84286719020713 31.571273042751507] car	[618.5295017431217 79.75636562360451 31.59060093386222 27.87899267438381] car	
[650.4295851960015 173.98918117971647 27.84286719020713 31.571273042751507] car	[620.0514492862918 162.35460856776422 28.867368295914844 27.878992674383824] car	
[652.2312832526643 244.25540538957148 27.84286719020713 31.571273042751507] car	[623.4064340806685 242.21754747027273 28.867368295914844 34.79823239119497] car	
[654.0329813093273 315.72276163720176 27.84286719020713 31.571273042751507] car	[629.0483778056445 326.61460769744997 26.528406215422592 34.79823239119497] car	
[657.006480384851 385.36285497640466 23.409819014474238 31.5712730427515] car	[630.3696230471973 405.5590108802315 26.528406215422592 34.79823239119497] car	
[662.1117704881522 448.08381862967354 20.364887092253866 31.5712730427515] car	[635.9602857627165 489.3798845746766 20.937429263741024 34.798232391195086] car	[632.9517700619506 39.1529227659949 30.321508717730808 35] car	
[668.4177136864726 527.959099141731 20.364887092253866 31.5712730427515] car	[654.9331060836647 574.6261644735008 20.937429263741024 38.53434300084314] car	[635.0537511280572 119.02820327805233 30.321508717730808 35] car	
[677.6701916917657 605.5156324962892 20.364887092253866 36.34888839517157] car	[659.3295496249318 679.7411327783402 20.937429263741024 38.53434300084314] car	[639.7350842107985 198.61086568465186 30.321508717730808 35] car	
[677.6701916917657 687.8490297236538 20.364887092253866 36.34888839517157] car	[642.5328210097865 278.5462027985981 30.321508717730808 35] car	
[682.0666352330327 764.5869533530424 20.364887092253866 36.34888839517157] car	[646.538038236056 354.20894589931277 30.321508717730808 39.272610726442] car	
[686.8627554598695 840.1258469257217 20.364887092253866 36.34888839517157] car	[652.1335265276053 433.73717710628785 26.56520350247979 39.272610726442] car	
[684.0650186608814 912.4673270138431 20.364887092253866 36.34888839517157] car	[661.72526456554 516.7546417846087 18.971405886574303 34.94606882239725] car	
[683.4213353620044 983.2724898903032 20.364887092253866 36.34888839517157] car	[675.1074530721386 604.3794794290526 18.971405886574303 37.952114877958365] car	
[684.9223628331235 1052.0681998597665 22.828945319943386 36.34888839517157] car	[678.4105661760208 698.6683443944138 18.971405886574303 37.952114877958365] car	
[679.1372510588749 784.7805030126194 18.971405886574303 37.952114877958365] car	
[678.4105661760209 869.8026343065438 18.971405886574303 37.952114877958365] car	
[675.1404842031777 941.3810952676685 18.971405886574303 37.952114877958365] car	
[668.3954070991579 1027.8418186167546 26.457842447904227 30.547277267030267] car	
[668.3954070991579 1104.5070737578571 26.457842447904227 30.547277267030267] car	












[625.7287182942732 64.03095075836285 42.26661851913286 63.06377138669694] truck	
[627.5528837660903 134.2119725767898 42.26661851913286 64.46125028150439] truck	
[633.0030203874959 205.06374865506018 42.26661851913286 64.46125028150439] truck	
[638.4841018682907 271.5579734663111 39.73489657015352 72.46595625797823] truck	
[639.2107867511448 343.49977686886257 39.73489657015352 72.46595625797823] truck	
[647.2227681125875 413.68310324198126 28.81586507901568 72.46595625797823] truck	
[651.946219851139 486.71493396881385 28.81586507901568 72.46595625797823] truck	
[660.2829630009928 564.1314560804501 33.44498125889538 76.21618260764626] truck	
[665.6575282489291 640.7963081603883 33.44498125889538 90.38573165510581] truck	
[663.8181007416704 721.720535830358 33.44498125889538 86.12663797381208] truck	
[656.712996114047 794.3123710653136 47.86158181056044 77.83224806217788] truck	
[655.7220621828823 864.668680178002 47.86158181056044 77.83224806217788] truck	
[662.3862635567071 944.5765528484659 42.65420031154872 66.98974212149687] truck	
[660.0740843839895 1013.6116167196012 42.65420031154872 66.98974212149687] truck	
[661.0289827041371 1080.8150315840066 42.65420031154872 60.2331048616079] truck	




[640.5660996022185 66.94458737249862 22.42611898761561 27.645077742526595] car	
[640.5660996022186 146.80948995936103 22.42611898761561 27.645077742526595] car	
[639.2124374921799 223.97884229738202 29.41838426889194 27.64507774252661] car	
[640.8770689113319 297.7748609050978 29.41838426889194 35.435974743310226] car	[623.5931691400207 12.211031497589445 32.602810257479405 35] car	
[646.4923682983516 374.7331593646894 26.89377380528242 35.435974743310226] car	[624.9144143815736 88.18263288687702 32.602810257479405 35] car	
[649.6841863093113 449.20891295375293 26.89377380528242 35.435974743310226] car	[635.0218380829464 164.78626514991385 32.602810257479405 35] car	
[657.6637313367111 529.0043632277498 26.89377380528242 35.435974743310226] car	[638.2136560939061 241.92186708144396 32.602810257479405 35] car	
[668.8350943750706 618.3752675346261 26.89377380528242 35.435974743310226] car	[640.9449774441418 315.340887569761 32.602810257479405 37.654567880844866] car	
[668.8350943750706 707.214202173009 26.89377380528242 35.435974743310226] car	[643.6048257866087 393.0084591697845 32.602810257479405 37.654567880844866] car	
[670.4310033805507 789.6695007894723 26.89377380528242 35.435974743310226] car	[648.398612448962 469.38719433669206 24.24994213964601 37.654567880844866] car	
[673.6228213915106 869.9969207319623 26.89377380528242 35.435974743310226] car	[658.506036150335 550.7785536161687 24.24994213964601 37.654567880844866] car	[606.7768474426719 24.639956431621954 34.821540850593124 32.03486037613084] car	
[676.0408653392076 950.7595885850376 26.89377380528242 35.435974743310226] car	[668.6618207306619 641.6970060495712 24.24994213964601 37.654567880844866] car	[611.5422496550204 98.64106910470386 34.821540850593124 35.41263389641637] car	
[671.6883862333532 1028.6206037008772 26.89377380528242 35.435974743310226] car	[672.0470822574378 729.230196956198 24.24994213964601 37.654567880844866] car	[615.8155312641139 172.7192247482332 34.821540850593124 39.197151438114986] car	[615.7595828332061 29.661831166736363 30.882735274599554 35] car	
[673.8866080039868 1099.8429890694028 26.89377380528242 35.435974743310226] car	[672.3200668114778 815.4933160327876 24.24994213964601 37.654567880844866] car	[624.3931301240995 253.5823252955524 29.684315335967653 31.24762750828492] car	[622.9681853783471 103.87356277735877 30.882735274599554 28.265156503755676] car	
[670.5614893949709 889.3535675260736 24.24994213964601 37.654567880844866] car	[628.6210282609624 322.90917944985034 29.684315335967653 39.30170832686133] car	[627.3451942727033 169.44241495713027 30.882735274599554 32.59984376746442] car	
[637.415228905935 398.5907505209107 26.686129539286412 39.30170832686133] car	[633.0344267473974 233.95446435504437 30.882735274599554 38.43100824984322] car	[616.4690062366832 17.42439023382024 34.181836804757495 30.706631315770814] car	
[642.2113491327718 472.1312606657412 26.686129539286412 39.30170832686133] car	[637.0311936030948 304.29756101531694 30.882735274599554 38.43100824984322] car	[620.0711006940171 88.03086028768756 34.181836804757495 28.444863422009576] car	
[653.4374178598337 553.5892609690536 23.05232579925439 39.30170832686133] car	[642.2270876278077 373.0636103448228 26.051838389634895 38.43100824984322] car	[622.0641744193387 150.37868984991474 34.181836804757495 30.844668670148366] car	[593.476612714411 46.0036700612804 30.681247763044325 25.94985725816337] car	
[667.0264251692045 644.3158685933824 23.05232579925439 39.30170832686133] car	[646.988994570865 445.4325725820629 19.95657952028762 30.772777527364212] car	[626.8487948560492 214.32526724262885 34.181836804757495 36.04218332504723] car	[600.7695794629086 116.75168262515143 30.681247763044325 31.54183731705558] car	
[670.2238386537622 725.8499124496074 23.05232579925439 39.30170832686133] car	[652.1847914832714 516.1753459279053 19.95657952028762 30.772777527364212] car	[632.0445917684558 277.873860248216 34.181836804757495 36.04218332504723] car	[605.1660230041757 190.2921927699819 30.681247763044325 31.54183731705558] car	
[668.6251319114833 805.3855728779838 23.05232579925439 39.30170832686133] car	[668.1718589060604 594.9116529851422 19.95657952028762 30.772777527364212] car	[637.2404233790569 346.2342558096278 27.093956605078574 36.04218332504723] car	[609.9621432310125 265.4314096570912 30.681247763044325 31.54183731705558] car	[614.8679769543514 69.48233040665 33.30363478887796 27.624609532565344] car	
[672.2222220816109 882.9228498785114 23.05232579925439 39.30170832686133] car	[670.170242333909 674.4473134135185 19.95657952028762 30.772777527364212] car	[641.6368669203239 414.57896904205177 27.093956605078574 36.04218332504723] car	[611.9605266588613 340.1709498586309 30.681247763044325 31.54183731705558] car	[618.465067124479 144.22187060818962 33.30363478887796 27.624609532565344] car	
[672.2222220816109 965.6559237914456 23.05232579925439 39.30170832686133] car	[669.1063029969224 748.9230670025822 19.95657952028762 30.772777527364212] car	[645.2339570904514 478.12756204763895 27.093956605078574 36.04218332504723] car	[615.1579401434194 413.71146000346124 30.681247763044325 31.54183731705558] car	[625.6832595330918 210.29793423242046 33.30363478887796 30.293151909131893] car	
[669.1063029969224 827.1226082710989 19.95657952028762 30.772777527364212] car	[654.4664885271122 548.4706587079115 27.093956605078574 36.04218332504723] car	[619.5543836846864 487.5717114967474 30.681247763044325 31.54183731705558] car	[630.9589917826122 280.641030892693 33.30363478887796 30.293151909131893] car	
[671.7661513393888 894.6827561697496 19.95657952028762 30.772777527364212] car	[663.699019963773 624.0894876177045 27.093956605078574 36.04218332504723] car	[633.6249071995276 569.6774497197266 24.581528107715258 31.541837317055638] car	[634.036502261499 352.74270496947236 33.30363478887796 30.293151909131893] car	
[670.1702423339087 969.158509758813 19.95657952028762 30.772777527364212] car	[664.1386643178998 711.5787140889188 27.093956605078574 36.04218332504723] car	[642.4177942820615 661.1234753780809 24.581528107715258 31.541837317055638] car	[641.0715135582585 426.5249881800938 24.638755811311967 30.293151909131893] car	
[666.7985126603663 773.2871956341429 27.093956605078574 36.04218332504723] car	[639.757945939595 746.7705920055041 24.581528107715258 31.541837317055638] car	[648.5190889171649 494.6171057472377 24.638755811311967 30.293151909131893] car	
[665.7345733233795 840.3153738643003 27.093956605078574 36.04218332504723] car	[641.8858246135683 820.182406257581 24.581528107715258 31.541837317055638] car	[655.434694607578 573.3486166842479 24.638755811311967 30.293151909131893] car	
[665.202603654886 911.0673397739106 27.093956605078574 36.04218332504723] car	[663.4142396349778 655.8039153007112 24.638755811311967 30.293151909131893] car	
[635.9442718877536 967.9880943026949 27.093956605078574 36.04218332504723] car	[662.8822699664844 732.407547563748 24.638755811311967 30.293151909131893] car	
[662.3503002979909 810.6070888322649 24.638755811311967 30.293151909131893] car	
[660.2224216240178 879.231176067902 24.638755811311967 30.293151909131893] car	
[658.6265126185377 955.3028386624458 24.638755811311967 30.293151909131893] car	




[641.426394224112 8.91807048738475 30.58102296015568 34.999999999999986] car	
[647.5814151818856 76.18365666877048 30.58102296015568 34.999999999999986] car	
[649.3399925983925 148.7249750996765 30.58102296015568 34.999999999999986] car	
[650.2192813066459 219.50771611407578 30.58102296015568 34.999999999999986] car	
[652.4175030772793 288.5318797119682 30.58102296015568 34.999999999999986] car	
[654.1760804937863 358.8749763722408 30.58102296015568 34.999999999999986] car	
[655.4950135561663 424.8216294912463 30.58102296015568 34.999999999999986] car	
[654.1760804937863 494.72508179739225 30.58102296015568 34.999999999999986] car	
[667.3660322377932 568.9659551741518 24.97174186100756 35] car	
[673.521053195567 652.4983824582255 24.97174186100756 35] car	
[676.1589193203272 727.2379226597651 24.97174186100756 35] car	
[654.916944080524 124.18466029484964 32.11889170108691 35] car	
[655.3565884346508 196.72597872575568 32.11889170108691 35] car	
[657.1151658511576 267.9483640942816 32.11889170108691 35] car	
[659.753031975918 339.17074946280763 32.11889170108691 35] car	
[659.7530319759179 412.59135660196705 32.11889170108691 35] car	
[663.2719726755715 482.61681389372285 23.782095718111805 35] car	
[677.3159719237949 555.7626433115531 23.782095718111805 35] car	
[680.8269717358505 641.7821387069216 23.782095718111805 35] car	
[683.225031849269 719.7190923930191 23.782095718111805 35] car	
[684.6784016149772 798.927744624111 23.782095718111805 35] car	
[685.4050864978312 872.3229177923706 23.782095718111805 35] car	
[687.5851411463934 949.3515153749006 23.782095718111805 35] car	
[689.4018533535286 1022.3833461017332 23.782095718111805 35] car	










[637.2118611909034 29.788659496275216 27.138438009366496 34.99999999999999] car	
[638.3597460629898 114.96465802632791 27.138438009366496 26.488863285146138] car	[659.0129686312205 47.31161213258372 28.210519161340585 35] van	
[639.8480087210645 187.0379636333766 32.14677207421994 32.93186875013234] car	[661.9197081626367 113.43993647230292 28.210519161340585 35] van	
[643.8447755767617 263.33987633305253 32.14677207421994 32.93186875013234] car	[660.1029959555017 177.02486372203288 28.210519161340585 35] van	
[644.3618576950713 338.28554585110606 32.14677207421994 35.12190237182409] car	[662.122893290129 244.42175595211143 28.210519161340585 38.95071691816133] van	
[651.277746586058 413.3349274142825 26.01862548164945 35.12190237182409] car	[666.4277831881051 310.0700273515597 28.210519161340585 44.05488442048011] van	
[656.8932662181452 487.3581045329931 21.09890467707703 35.12190237182426] car	[669.0702736712107 375.4716668084248 28.210519161340585 44.05488442048011] van	
[656.8932662181452 487.3581045329931 21.09890467707703 35.12190237182426] car	[669.0702736712107 375.4716668084248 28.210519161340585 44.05488442048011] van	
[656.8932662181452 487.3581045329931 21.09890467707703 35.12190237182426] car	[669.0702736712107 375.4716668084248 28.210519161340585 44.05488442048011] van	
[679.6748372956199 660.8177860702565 21.09890467707703 35.12190237182426] car	[675.8647773258963 509.76303315985456 28.210519161340585 44.05488442048011] van	[652.8400624216906 71.0399988858402 33.86221645224339 35] car	
[683.6226783712561 744.6909632025522 21.09890467707703 37.460085305502844] car	[687.0956189411249 582.7351301711172 25.436503481102477 44.05488442048011] van	[654.4779697459296 140.37807561195973 33.86221645224339 35] car	
[683.6226783712561 824.7062356536123 21.09890467707703 37.460085305502844] car	[691.0524181282651 661.4314695597975 25.436503481102477 44.05488442048011] van	[654.9176141000563 210.28152791810578 33.86221645224339 35] car	
[687.4915486875711 978.9774395166733 21.09890467707703 37.460085305502844] car	[692.0196357073439 806.9977152111497 25.436503481102477 44.05488442048011] van	[658.2722011653706 345.310690224114 33.86221645224339 38.80157602728758] car	
[694.9212884445801 876.6373809048198 25.436503481102477 44.05488442048011] van	[665.5267233912379 415.971953740071 26.286669003648626 38.80157602728758] car	
[693.1045762374449 944.2190750102473 25.436503481102477 44.05488442048011] van	[671.6740637041257 489.4014701546119 21.532142816935107 34.660508684953186] car	
[692.5726065689515 1013.9071015828712 25.436503481102477 44.05488442048011] van	[679.6536087315254 562.2813147381958 21.532142816935107 34.660508684953186] car	
[691.5086672319648 1081.467249481522 25.436503481102477 44.05488442048011] van	[689.229062764405 642.608734680686 21.532142816935107 34.660508684953186] car	
[691.356941438378 718.1484276067364 21.532142816935107 34.660508684953186] car	
[690.2930021013915 792.6241811958001 21.532142816935107 34.660508684953186] car	
[690.8249717698848 858.0564504204777 21.532142816935107 34.660508684953186] car	












[732.613246336908 64.94542065051068 27.960690600087446 31.22736234041794] car	
[733.8122763936171 126.09595354267964 27.960690600087446 31.22736234041794] car	
[735.410983135896 190.04422323383665 27.960690600087446 31.22736234041794] car	
[734.211953079187 249.59604938372667 27.960690600087446 31.22736234041794] car	
[730.6148629090594 309.5475522191864 27.960690600087446 31.22736234041794] car	
[728.2168027956409 368.30002499793693 27.960690600087446 31.22736234041794] car	
[726.7522292635223 426.4556934851366 20.236327189817644 32.63900301606634] car	
[725.5510972257471 480.20635217558134 20.236327189817644 32.63900301606634] car	
[724.3499651879715 540.2629540643466 20.236327189817644 32.63900301606634] car	
[721.9477011124209 602.4215370192185 20.236327189817644 32.63900301606634] car	
[721.9477011124209 669.9852141440792 20.236327189817644 32.63900301606634] car	
[721.6474181029771 725.2372878817432 20.236327189817644 32.63900301606634] car	


























































































