[588.2877   528.7345    15.782532  30.823425] car	[ 693.99274  1083.8042     33.121765   31.161987] car	[594.05164  565.39246   10.425842  20.93811 ] car	
[588.2877   528.7345    15.782532  30.823425] car	[ 693.99274  1083.8042     33.121765   31.161987] car	[594.05164  565.39246   10.425842  20.93811 ] car	
[591.63306  575.3468    13.179565  25.322998] car	
[590.51886  552.01117   12.817871  25.16748 ] car	[ 692.8131  1087.559     28.78888   28.85376] car	

[590.7483   571.61426   15.69281   30.576355] car	[ 694.4992   1055.8235     35.371338   31.474731] car	

[ 716.6977   1072.622      28.289612   30.288208] car	
[594.5417   576.6918    16.679993  31.71637 ] car	

[538.27136  191.03122   46.40204   45.910553] truck	
[591.3837   677.7098    14.119019  28.383484] car	
[607.3879   899.74243   52.158936  76.2959  ] truck	
[602.7786  910.18243  55.68506  81.32483] truck	[561.67865  387.52924   17.077332  28.418732] car	
[589.78973  686.2712    13.174011  32.88202 ] car	[647.7944   862.7724    46.634216  64.78766 ] truck	[544.6728   315.02264   20.524475  32.30533 ] car	
[588.74036  694.58405   15.667664  31.025208] car	
[573.7167   517.6053    14.209473  28.763306] car	
[595.7309   422.92426   17.097473  30.15915 ] car	[568.88116  457.76398   13.943665  25.620544] car	[571.5899   727.6241    17.863464  34.536743] van	[588.64624   717.99713    15.0685425  29.887268 ] car	
[594.18884  446.6831    16.549133  28.867432] car	[566.53284  429.41876   14.809326  25.714874] car	
[593.37646  466.65536   15.150635  29.013153] car	[574.0856   737.47736   18.759705  36.00879 ] van	[592.91425  540.42444   13.372925  25.66803 ] car	
[591.16846  485.64783   15.512268  30.164368] car	[681.46313  262.06778   27.821777  35.79648 ] car	[594.1712   746.94196   16.001526  30.757812] car	
[588.6362   508.2697    17.5354    27.302063] car	[595.46625  759.46936   15.063049  25.564209] car	
[586.9895   528.29895   13.071167  25.285034] car	[605.00555 766.56714  17.02716  29.00531] car	[579.94    744.5077   19.46405  25.26117] van	
[663.11786  285.19162   30.031128  32.647278] car	[507.70425  609.357     25.252655  57.708984] truck	
[590.4536   569.1808    15.038879  31.971191] car	[592.12036  554.18005   11.677063  24.096802] car	[587.2723   518.29535   22.137146  73.48657 ] car	
[660.0889   303.5564    26.434875  31.120667] car	
[681.08704  972.41187   48.716797  58.854004] truck	
[653.77313  311.6291    26.870117  32.635742] car	[683.7365   980.82135   46.725037  64.4433  ] truck	
[613.527    815.1443    18.506287  27.802246] car	
[596.0284   657.40564   15.906921  29.686462] car	[618.0839   825.1733    20.03424   28.675537] car	
[666.0721    22.654362  34.483948  38.82881 ] van	[526.9283   715.85236   35.072693  48.02014 ] truck	
[599.42926  693.45935   18.975037  26.790283] car	
[604.41614  708.7191    13.795776  23.887878] car	[552.44073  537.28986   13.090393  25.433472] car	[630.5944   856.9324    17.747314  26.970825] car	
[608.3013   723.49866   18.388245  27.867188] car	[648.45624   36.14285   42.751892  42.028286] van	[592.4483   735.27277   15.386597  28.501465] car	
[613.1366   742.19727   17.664062  27.069214] car	
[619.3067   756.67505   17.821472  27.749878] car	[682.8982   250.53012   32.993347  56.119873] truck	[600.94604  754.3544    14.906677  33.225464] car	
[628.7082    60.593655  29.869751  33.404285] van	[623.5436   778.0051    16.25299   29.854126] car	[599.7552   748.4164    17.04657   31.019592] car	
[632.88696  794.2755    18.186584  29.272522] car	
[641.13086  811.3176    18.669006  31.828308] car	[593.466    785.82306   16.62378   27.081787] car	[611.4834   765.10126   18.372864  33.420105] car	
[651.57465  829.5472    17.831238  28.078247] car	
[661.36035  846.27625   19.81726   26.294983] car	[582.3699    91.654915  27.112305  32.651   ] van	
[669.08307  862.4299    22.362305  31.319641] car	[626.5856   785.35516   19.028503  31.983887] car	
[680.2101   878.6753    25.431946  28.805481] car	[621.2591    85.55114   16.664734  33.68786 ] car	
[689.2754   902.3098    23.71106   23.407715] car	[564.1074   719.9313    33.095825  61.956787] truck	
[696.91144  916.89374   21.833923  26.89032 ] car	
[705.90985  931.94196   28.428833  30.75769 ] car	[568.5486   739.02765   34.634277  58.166748] truck	
[565.04205  644.0892    16.338806  26.938599] car	[716.64844  950.2594    23.21283   29.068054] car	[645.8338   836.8806    22.363464  33.31494 ] car	


[577.4873   158.9449    16.761902  31.675613] car	
[572.47003  171.74605   18.471008  28.75299 ] car	
[573.73694 182.78288  15.53833  28.09024] car	[548.86084  290.0454    15.447937  26.334564] car	
[574.35474  191.68814   16.402405  29.388962] car	
[572.5396   200.6438    17.761597  29.097168] car	[547.80457  301.8836    18.569885  30.454163] car	[573.50885 798.6509   40.23932  60.62329] truck	
[568.9272   212.00833   17.411926  31.663818] car	
[567.6212   224.60576   16.450928  28.75592 ] car	
[567.1383   236.28615   15.162476  27.956375] car	

[546.69727  336.59482   17.281433  29.59964 ] car	[564.10016  255.03773   15.987305  30.370743] car	
[561.3492   261.99442   18.841003  30.041962] car	
[560.2434   289.18356   10.093323  15.657623] group_of_pedestrians	
[560.14636  300.86374    9.436279  15.311707] group_of_pedestrians	[565.53815   303.57806     7.2316284   6.9888916] group_of_pedestrians	








[545.20636  408.0038    16.409546  11.621613] group_of_pedestrians	
[544.9605   419.93445   11.492493   8.966339] group_of_pedestrians	
[493.4603   365.1958    47.705353  53.11566 ] truck	[544.45996  431.7282    15.225403  11.512085] group_of_pedestrians	

[545.8474   453.86746    9.972046  13.354645] group_of_pedestrians	
[544.3442   469.4181     9.650024  14.268433] group_of_pedestrians	


[546.0834   505.13327    9.561707  14.167633] group_of_pedestrians	


[ 588.2548   1058.051      45.697876   93.948975] truck	
[622.4943  198.67259  54.28546  68.0157 ] truck	
[638.55963  255.10632   29.492249  29.368164] car	
[632.1759   212.86018   62.852356  74.663864] truck	
[637.67004 222.50978  72.58545  77.98802] truck	
[647.4816  231.68327  68.67316  80.14647] truck	
[528.2707   802.1754    34.959595  87.01221 ] bus	[693.3924   290.74823   35.38037   29.959839] car	
[684.8437   372.44      22.425476  27.858795] car	
[569.76715 337.90335  42.59082  73.39624] truck	[689.3429   390.57513   37.51288   40.760956] car	
[363.12592   56.069523  33.35382   29.883488] car	[520.08185 835.184    31.64038  89.39148] bus	
[381.8516    64.642845  29.94339   33.653275] car	[849.8807   302.9614    31.845947  33.212006] car	
[398.4651    80.54111   31.904022  34.138725] car	
[415.15744   93.11524   31.06195   36.611458] car	[386.01428   35.266357  29.44925   34.33354 ] car	
[429.818    112.78943   32.070953  34.454086] car	[403.86276   53.093838  30.63971   33.477825] car	
[446.71536  121.16793   32.17755   41.914207] car	[426.01282   69.57251   27.816406  33.249794] car	
[464.34573  141.79442   30.764465  38.74463 ] car	[445.78607   87.1897    25.452759  30.348068] car	[804.044    264.04382   74.984436  59.865692] bus	
[481.3557   159.1161    29.836578  37.98311 ] car	[464.94394  103.6138    25.415924  28.946075] car	[535.8736   759.4957    10.800293  23.98938 ] car	
[493.86166  178.69025   27.112762  33.908005] car	[479.6169   117.886986  26.847076  32.567284] car	[458.73926 917.4018   28.49765  34.64789] car	
[509.70743  196.38713   26.428009  35.102066] car	[495.9513   135.05367   24.132507  31.301666] car	[460.27557 929.1167   18.40387  32.78003] car	
[523.6539   215.29253   26.551819  33.774445] car	[511.12296  152.85118   24.952911  29.000198] car	
[525.2713   170.21788   21.917847  28.892487] car	[536.31976  234.33531   23.981934  32.70363 ] car	[ 458.46414  1004.0197     28.058655   31.232605] car	
[536.16504  187.09973   23.097656  27.475174] car	[547.5074   253.86342   23.272888  31.144974] car	[554.6656   106.499054  21.052063  23.713852] car	
[548.12714  204.20282   20.964966  27.741714] car	[555.53986  274.4728    21.43982   28.896912] car	
[559.9369   220.24329   18.86731   27.942444] car	[561.7013   290.45312   19.127014  30.565826] car	[690.684   449.68704  33.62451  70.89084] truck	
[570.31854  294.57318   18.237427  27.228027] car	[563.6762   237.39142   18.187683  27.373413] car	
[574.8034   306.78067   18.924622  33.20288 ] car	[573.276    234.13667   17.249512  31.668411] car	
[579.4713   328.4425    19.95575   29.669159] car	[574.75757  252.15892   20.073242  31.239456] car	
[579.2039   271.0477    20.555115  29.132599] car	[583.0054   348.35135   20.28357   28.518127] car	[696.7723   491.4122    36.481873  80.75009 ] truck	
[584.2906   364.93066   20.176392  29.365204] car	[582.84937  286.77588   17.940186  30.09848 ] car	[637.20593  565.9885    28.228577  85.885315] truck	[ 423.14136  1059.9911     29.16571    41.645508] car	
[581.91235 304.43146  21.03424  30.7323 ] car	[585.4458   383.496     17.368042  27.411041] car	[461.74625  959.2833    24.413727  40.550293] car	
[583.5859   324.094     19.37555   28.813232] car	[586.18713  403.63403   17.79663   28.020325] car	[704.5928  516.7357   34.76062  87.89404] truck	
[584.7516   418.7923    18.409424  28.944672] car	[585.0014   342.5202    16.25415   29.683502] car	
[584.80054  360.45923   16.545227  30.052551] car	[585.0184   435.01062   18.026611  31.10907 ] car	
[586.0879   456.02844   17.399536  27.41977 ] car	[584.458   380.70923  18.14569  29.25293] car	
[587.51556  477.35645   15.917969  26.421082] car	[583.99097  401.10052   16.869751  28.659546] car	
[586.2425   497.42163   15.9823    25.790955] car	[583.4891   421.07578   16.972473  29.38678 ] car	[615.71674  684.2607    16.6734    30.463806] car	
[584.6849   441.44928   16.611145  29.35431 ] car	[585.4309   512.4392    14.984741  29.371643] car	
[583.62305  462.70413   18.486023  28.046509] car	[590.28815  530.3341    14.443787  28.485474] car	
[582.9      482.21725   16.86615   28.555298] car	
[585.10516  502.81174   16.309082  29.049713] car	
[582.3567   523.6769    17.399353  29.998108] car	[604.05054  613.6249    13.736755  24.751343] car	[698.9833   639.21387   29.361877  89.92529 ] truck	
[584.4487   536.90924   16.343018  29.672974] car	

[593.98236  672.0971    15.046875  23.697998] car	[592.00085  594.33636   13.579712  21.86969 ] car	
[593.58887  693.46173   14.728638  27.097046] car	[589.90967  549.37085   16.074219  25.106628] car	[589.4552   600.02295   14.030579  28.349121] car	
[595.3865   714.8594    14.475037  27.761963] car	[589.30084  655.70074   15.028381  31.43335 ] car	[617.2185   766.70557   15.098389  30.376038] car	
[594.083   736.6283   13.58844  29.90039] car	[591.0901   674.2086    14.26239   29.837097] car	[561.1696   635.8376    16.39093   26.311462] car	
[590.28595  693.6204    14.924683  28.053589] car	[592.31445  759.99615   14.282471  28.08142 ] car	
[591.4188   713.41846   15.043945  30.761597] car	[594.341    780.2713    14.409485  28.150146] car	[559.8086     1.979654  20.234192  30.05174 ] car	
[589.9607   735.2512    16.358887  28.89563 ] car	[572.6204     4.081605  18.253174  28.871288] car	[592.7075   802.81067   14.063171  26.375244] car	[561.0103    26.19905   18.951416  29.42838 ] car	[590.3758   572.96436   15.13623   27.545837] car	[613.91187  821.1359    15.422363  26.526794] car	[555.8182  718.35645  14.05127  29.97583] car	
[590.66315  756.2592    14.778992  29.197632] car	[574.6055    24.027454  18.849854  31.41634 ] car	[ 664.7732   1055.7357     28.703918   41.835938] van	[562.9914    44.681053  15.604553  33.689903] car	[555.83923  730.16534   14.958984  31.882324] car	
[591.5187   775.6407    14.979553  29.47113 ] car	[ 667.1493   1065.6793     23.898682   45.065063] van	[574.28265   42.91122   17.715637  34.77576 ] car	[588.1748   844.2835    15.667664  27.154175] car	
[593.71185  795.17664   16.313171  30.91449 ] car	[574.72876   65.57619   15.864075  34.328133] car	[ 666.7688   1077.0859     27.676697   48.396606] van	[556.0381   754.7575    13.623291  26.360352] car	[561.2952    83.61432   18.129272  35.64176 ] car	
[594.7843   816.6668    15.064148  27.679565] car	[574.3021    80.39214   18.122131  39.528015] car	[557.0492   765.9053    14.547852  29.182678] car	[609.7465   675.4051    16.65216   28.533875] car	
[594.2475   833.4831    15.869446  32.018738] car	[574.20386  106.47469   17.272705  33.622383] car	[560.2409   123.469315  19.338806  32.87622 ] car	[556.0912   775.94965   16.544128  24.194519] car	
[594.8001   852.46625   15.415039  30.857483] car	[561.6256   142.56258   18.157776  32.94336 ] car	[573.5606   122.21173   16.78186   34.650116] car	[594.4076   602.16626   15.773376  25.533875] car	
[570.2409   142.4164    17.918762  35.517258] car	[595.09546  870.8362    14.429932  25.730164] car	[616.7806   894.35077   14.411682  29.145935] car	[562.1489   157.82426   17.380066  36.285004] car	
[595.6568   886.6997    15.268982  28.642517] car	[572.18176  160.65625   17.183533  33.52574 ] car	[562.0202   175.88438   16.060547  35.411102] car	[612.91425 712.9663   15.98407  32.62854] car	
[599.91864  920.3366    16.128174  29.302002] car	[573.2559   193.39026   15.638794  32.942017] car	[504.89273   29.482307  32.00534   76.71421 ] truck	[598.1258   989.8701    16.595215  31.312317] car	[558.95483  816.05304   16.598389  25.444336] car	[591.90485  604.12134   15.618164  30.929138] car	
[573.5491   210.02058   16.621521  32.6911  ] car	[593.9683   936.11005   18.810425  30.231567] car	[590.48285  617.2052    15.390198  31.246033] car	
[573.5491   210.02058   16.621521  32.6911  ] car	[593.9683   936.11005   18.810425  30.231567] car	[590.48285  617.2052    15.390198  31.246033] car	
[574.6203   222.86086   14.500549  33.658768] car	[593.3476   955.7188    15.989441  30.617249] car	[556.26514  828.27094   17.87909   29.697144] car	[596.266    891.69385   13.632996  27.032715] car	
[574.7631   240.39128   15.484558  34.39293 ] car	[515.52454   53.34404   27.932556  71.62623 ] truck	[591.8706  970.61346  14.58783  29.21643] car	[612.05786  747.36365   16.054688  29.690125] car	[614.71985  936.7154    13.616516  26.870056] car	
[576.5117   256.60706   17.28949   33.896637] car	[516.89404   58.418095  30.346558  72.06717 ] truck	
[579.2818   272.00653   16.740723  32.88434 ] car	[608.5956   761.27423   14.532288  27.511047] car	[555.19324  846.40936   14.986694  29.431763] car	[ 590.88403  1011.5425     15.694641   30.813599] car	
[583.1932   302.07672   16.67212   34.188263] car	[ 581.9252   1042.1725     14.054321   31.866333] car	[553.0889   862.2533    14.208862  31.30188 ] car	
[582.1309   320.10635   17.644592  32.499268] car	[525.22925   87.75848   28.663696  72.35058 ] truck	
[580.01294  332.20114   17.475647  34.8537  ] car	[524.1596   94.62287  27.38092  78.82925] truck	[ 580.692    1082.904      15.292786   32.595947] car	
[581.92957  348.9411    17.645813  35.43515 ] car	[523.0635   105.476456  31.384766  76.60625 ] truck	[ 577.6044   1107.8203     17.09784    26.068848] car	
[580.69116  361.8063    17.907593  37.98236 ] car	[607.837    808.6953    15.447998  31.687012] car	[522.02844 114.23795  29.37439  69.38169] truck	[597.3642   814.0133    15.090637  31.386963] car	
[583.3232   388.49802   16.702515  33.411987] car	[608.4576   819.68463   16.480042  27.317627] car	
[582.80927  405.31415   17.331604  36.432312] car	
[583.5625   424.2694    15.618347  36.942474] car	
[583.5531   445.57993   16.419495  36.95175 ] car	[613.8805   849.86786   15.543274  33.706543] car	
[582.529    466.08765   16.419434  38.16388 ] car	
[582.1831   491.7634    16.879639  33.366913] car	[615.2874   876.80585   14.61322   29.969666] car	
[584.0415   517.2899    16.907104  33.51947 ] car	[546.2795   321.09592   16.826965  32.56122 ] car	
[583.159    521.8438    16.84607   34.050964] car	
[591.70276  573.4855    12.8526    29.056091] car	
[616.4104   926.3893    17.328247  32.09381 ] car	[551.86536    0.        27.759644   9.372617] car	
[558.67035     2.9005404  18.230713   30.196323 ] car	[590.51874  595.4455    14.284546  29.243896] car	
[617.8611   952.0275    15.415039  28.448608] car	[560.67236   23.955057  15.659546  33.167175] car	[570.3823      2.3705668  18.71875    31.941422 ] car	
[617.8611   952.0275    15.415039  28.448608] car	[560.67236   23.955057  15.659546  33.167175] car	[570.3823      2.3705668  18.71875    31.941422 ] car	
[559.61194   49.38801   16.323425  32.083023] car	[592.32184  670.2915    15.775574  33.838318] car	[573.5506    26.696743  15.091064  30.478012] car	
[591.88165  693.1819    15.346069  36.698547] car	[561.916     68.62983   17.151855  32.46193 ] car	[576.52155   43.79208   15.951355  36.24683 ] car	[549.0344   427.6394    17.483643  32.031647] car	
[591.4968  713.19684  14.01947  33.64673] car	[562.357     91.844826  17.617859  33.62362 ] car	[614.0895   753.87775   14.682739  33.02118 ] car	[572.5801    69.23187   14.083435  34.086525] car	[561.0247   904.6647    17.752014  29.103577] car	
[592.17786  731.60706   14.806152  35.428345] car	[611.70166  765.35345   15.105591  30.49347 ] car	[573.97406   88.07121   13.920837  36.55754 ] car	[563.2987   114.42939   17.09375   31.609077] car	[541.66284  311.28055   19.07611   31.077148] car	[590.41986  607.77484   14.648621  29.708313] car	
[591.4253   751.35394   15.124573  35.86554 ] car	[545.5467   317.7207    17.717407  34.148773] car	[549.43744  365.20898   17.347046  31.531647] car	[573.0244  115.63423  17.15039  30.40242] car	
[589.5496   790.5601    15.375183  31.59491 ] car	[575.85675  152.69464   16.963074  33.111206] car	[547.91077  335.6423    19.629272  31.52118 ] car	[609.1664   793.3217    15.779358  33.663696] car	[ 612.52313  1023.99036    15.700989   29.13379 ] car	[607.9944   592.7019    16.058838  31.264587] car	
[591.7166   806.3978    15.661926  34.465088] car	[576.7932   168.40613   15.419617  33.97426 ] car	[610.865    797.9946    16.888     30.203064] car	[548.396    342.66666   17.497986  31.108887] car	
[591.5379   824.4763    14.808716  33.814514] car	[575.44     185.77245   16.944885  33.53119 ] car	[610.792    806.138     16.701416  35.25525 ] car	[595.06976  571.8625    15.856567  30.896545] car	
[574.98474  201.95096   16.05658   33.050476] car	[591.0969   840.808     15.056824  33.612183] car	
[575.4241   215.7879    15.677734  33.52356 ] car	[590.4765   858.86255   15.995178  35.928284] car	[588.9195   636.414     15.771118  34.399353] car	
[577.57104  232.80017   16.43695   31.954865] car	[588.73395  875.7016    15.552307  33.941956] car	[ 613.7195   1058.5936     14.424011   26.799683] car	
[579.0305   244.89116   16.626404  35.528122] car	[590.7571   892.01526   14.898499  32.52112 ] car	
[578.261    261.24435   17.528992  34.10904 ] car	[588.1127   907.8024    14.17511   31.108704] car	[557.88965  987.5224    13.059814  28.258423] car	
[581.52094  275.15878   16.17694   34.329224] car	[588.98145  925.5372    14.458862  37.13556 ] car	
[580.4014  291.5738   16.12915  32.526  ] car	[590.97784  946.71405   14.234802  35.65094 ] car	
[579.92395  309.4017    16.800964  31.279083] car	[588.5825   960.9317    15.501221  29.925354] car	
[581.4136   326.93484   14.544739  31.84259 ] car	[587.9534   980.2985    13.607056  33.718506] car	[547.20667  553.2669    15.986694  26.039062] car	
[590.199    999.95636   14.132446  33.206116] car	[581.1251   343.97272   16.372925  31.109253] car	
[ 593.527    1022.81573    14.476135   33.468567] car	[580.9847   360.0381    16.348083  32.959137] car	[618.4144   125.09759   24.848083 111.97808 ] truck	
[580.0632   377.3958    16.083008  33.242065] car	[ 595.99255  1041.9155     16.654114   30.883179] car	[619.3144   141.76329   25.163574 105.50807 ] truck	[589.30804  645.742     15.029602  29.667114] car	
[579.49036  396.85278   17.190857  34.27585 ] car	[ 597.42004  1065.9943     14.953796   28.619629] car	[553.1951   461.80798   16.644653  30.029083] car	
[581.7657   419.14206   15.612732  31.065033] car	[ 596.07007  1086.0525     14.326355   31.798828] car	[553.706    470.97208   15.865845  29.795105] car	
[581.7872   438.26825   16.227173  32.726166] car	[ 595.2729   1111.5236     14.076477   31.47644 ] car	[629.84467  647.75464   17.809143  31.130127] car	
[582.76776  459.0272    16.252136  31.778687] car	
[584.3958   479.58136   15.580933  31.272552] car	
[583.6364   501.05103   15.166626  30.257385] car	[ 574.969    1114.5898     15.002808   29.393066] car	
[584.4488   522.9676    15.556702  31.367981] car	
[585.5253   536.6352    15.346313  29.992249] car	
[591.8556   577.2245    13.205566  31.775696] car	
[590.6492    594.8948     14.6744995  32.26239  ] car	[540.12885   35.900192  19.677979  29.125328] car	
[541.4758    50.2369    21.632507  27.40377 ] car	
[542.6999    62.21139   21.650818  23.303432] car	[585.9636   629.8266    11.009338  24.122375] car	[618.11615  381.4126    31.21814   20.320648] car	
[616.05945  395.18192   32.694214  16.85147 ] car	[590.0366   668.2657    14.235291  34.210632] car	
[610.91736  407.42627   32.408936  19.194092] car	[589.8299   686.6942    14.551758  31.72705 ] car	
[611.3658   416.87408   36.276367  21.30362 ] car	[589.9657   707.1609    13.86615   34.947876] car	
[608.65594  429.86615   33.82782   20.917908] car	[592.8543   726.50543   13.436584  30.694946] car	
[591.8699   745.4563    13.857788  33.118103] car	[605.06287  443.46027   36.3078    18.576294] car	[619.0279   436.98077   33.010498  14.366425] car	
[602.2187   453.29947   37.33783   21.447876] car	[592.3624  764.2107   14.6474   30.62091] car	
[598.81537  465.22202   36.702515  18.977356] car	[592.24927  781.3248    13.980713  31.93628 ] car	[615.0823   897.6617    14.367737  33.762695] car	[ 617.8906   1092.7783     15.88562    31.335815] car	
[591.6767   799.1267    14.05426   32.493347] car	[597.90405  476.39243   35.916687  22.547455] car	
[592.48035  816.3497    12.746094  33.48163 ] car	[595.33606  489.3483    36.41571   20.168457] car	[ 619.59424  1108.741      14.920837   31.55481 ] car	
[591.5873   831.76746   14.218628  33.22528 ] car	[588.14966  497.00647   31.347595  26.777649] car	[613.60614  922.82855   14.324524  35.226562] car	
[591.0068   849.43304   13.725647  32.952637] car	[587.90796  509.93457   32.30127   27.679504] car	
[590.754    864.6151    13.403809  35.68744 ] car	[586.827    528.93616   36.553406  21.931213] car	
[590.4285   881.45026   14.906555  33.774963] car	[585.90326  529.9703    23.963257  31.392456] car	[493.28967   22.165789  32.875854  20.580454] car	
[587.33167  897.1141    17.478394  31.001282] car	
[590.62415  916.89374   15.074829  33.363647] car	[592.32855  573.7519    16.343628  34.780823] car	[517.95953  132.69946   26.822205  34.562683] car	[599.5704   604.8245    16.243896  34.45172 ] car	[593.6318   549.4042    19.435852  38.270874] car	
[591.98956  934.3807    13.832214  34.051636] car	[565.1939   947.804     14.391541  27.295288] car	
[592.3515   950.44574   13.611023  37.037292] car	[563.09247  958.6577    15.797607  28.384094] car	
[595.87604  968.5206    14.909973  33.71942 ] car	[423.68817   21.342901  34.822266  32.575706] car	[567.5675   969.3966    15.561279  35.736694] car	[518.91785  162.79399   24.967773  36.404037] car	
[430.9232    45.28532   33.717834  35.24638 ] car	[595.3669   988.5521    16.467957  32.836304] car	[589.99835  642.1665    14.563904  36.218506] car	[568.6302   980.25446   14.303772  35.79962 ] car	
[590.02905  667.2881    15.69928   34.969666] car	[ 595.8339   1006.9931     15.70874    37.834045] car	[569.35614  993.77167   15.208496  35.07184 ] car	[437.9787    69.800674  32.929535  36.812943] car	[599.3063   593.7388    22.328918  27.883545] car	[435.265     67.502914  43.687286  40.212532] van	[ 641.85626 1005.21924   24.4057    86.93689] truck	
[590.32294  687.1112    14.490356  32.437073] car	[ 596.1295    1029.2742      13.9366455   35.26355  ] car	[444.7722    96.0938    35.959656  38.019173] car	[ 614.8218   1036.0619     13.522949   34.890747] car	
[589.52594  704.7899    15.287903  34.359253] car	[ 595.76825  1050.4772     15.645874   33.751343] car	[458.67807 119.74904  27.30481  37.48506] car	
[589.20526  727.5486    15.323547  35.352295] car	[ 596.1621   1072.2654     15.836304   33.737427] car	[465.86804  148.93109   27.544159  37.94597 ] car	[ 618.50287 1063.4896    14.24292   35.57202] car	[566.96533  856.1649    15.434692  29.700195] car	
[480.43176  177.63461   26.377289  36.082306] car	[589.9206   748.32306   15.444946  34.64386 ] car	[ 593.6077   1096.5253     15.854736   33.274536] car	[603.2147   856.70874   14.037598  30.999146] car	
[484.86057  200.88803   29.316437  40.754578] car	[588.8421   771.11426   15.352295  35.37964 ] car	[ 589.06305  1116.5165     18.54602    29.871704] car	[558.675    846.1653    15.769592  30.021301] car	
[499.5648   232.71143   26.5195    37.675537] car	[585.90356  791.6182    14.213928  29.828857] car	
[510.18994  260.21698   26.389587  37.565796] car	[582.5678    811.69775    14.1171875  35.46106  ] car	[559.57745  909.03094   15.662048  28.79895 ] car	[494.26364  295.65024   21.6362    31.965454] car	[554.3896   871.4347    15.438293  42.054993] van	
[518.8497   291.43658   22.694214  31.684448] car	[577.7325    836.14594    15.5164795  31.08252  ] car	[407.76865   32.98272   34.536102  33.648254] car	[554.3394   922.6368    15.085083  29.410828] car	[533.8284   290.02866   24.301758  35.581116] car	
[531.29913  314.44653   25.888123  38.49829 ] car	[573.0945   856.3131    14.968506  35.996155] car	[430.084     55.05882   28.0401    36.320263] car	[504.0212   321.12677   22.628693  32.69113 ] car	
[542.91473  344.7863    25.666626  36.705536] car	[569.2435   877.49335   14.337402  36.249268] car	[441.63675   80.97172   29.820496  38.32979 ] car	[556.6741   321.87943   21.361267  31.987   ] car	[509.74753 332.5837   20.6622   32.00824] car	
[457.614    108.7949    27.841309  36.472603] car	[561.85315  900.1311    16.057861  34.400574] car	[552.4722   372.85577   24.515076  38.038086] car	[531.1      924.4021    20.024353  43.885376] van	[513.27747  350.19467   23.679932  28.239685] car	
[555.79803  920.8837    16.700928  30.187073] car	[560.3838   400.8852    20.000061  35.390137] car	[470.89725  138.76225   24.744812  33.399338] car	[529.50244  974.85675   16.705566  30.193054] car	[525.3764   935.7471    19.930542  40.260803] van	
[485.89426  165.9333    23.727814  35.713486] car	[564.9101   409.2591    25.204712  37.233124] car	[508.42862  941.3022    28.054474  75.42688 ] truck	[545.0586   943.60284   17.875061  32.902405] car	[584.7483   424.9622    23.957214  35.053406] car	[549.4421   234.01752   32.954224  61.377625] truck	
[497.78568  198.37187   21.319977  32.603638] car	[569.33746  429.10474   22.13562   39.266968] car	[539.1685   963.76154   18.316833  32.83893 ] car	
[511.26263  227.14685   21.44635   33.524292] car	[575.54364  462.13028   20.548584  35.518646] car	[533.32837  985.21313   16.31311   34.105103] car	[489.9824   954.584     33.656647  91.75574 ] truck	[ 499.75806  1011.4398     21.927673   31.457764] car	[574.69556  458.05005   21.953247  39.628906] van	
[522.7968   259.18866   22.566406  32.430145] car	[579.69214  491.69696   19.250061  35.843933] car	[521.9846  223.86261  30.50232  71.56244] truck	[ 522.0559   1006.6606     17.428894   33.079407] car	[ 543.3609   1007.7155     21.964172   38.196228] van	[488.533    978.10535   28.059418  78.28125 ] truck	
[532.225    288.75174   23.490784  33.974945] car	[583.4569   526.7251    18.187256  33.930298] car	[482.1567   985.4437    26.589111  40.340942] van	[538.9619   430.23987   19.789734  30.702393] car	[ 509.8789   1030.3724     22.477844   33.164673] car	[ 487.1916   1039.9246     20.270844   28.489258] car	
[541.75385  321.801     22.114502  34.566467] car	[ 501.45035  1053.0142     22.115814   35.72754 ] car	[590.7623   548.8085    16.136414  33.08722 ] car	[ 436.16864  1003.34125    62.578552   84.34772 ] truck	
[551.69885  356.0168    20.698914  34.464813] car	[ 494.3512   1076.6458     22.969543   36.078247] car	[545.81604  460.4284    17.845215  31.012756] car	[514.0602   812.8555    16.628479  35.75    ] car	
[559.63995  389.0095    19.829285  34.653168] car	[ 479.5132   1099.6742     27.682465   35.170654] car	[ 494.7139   1062.3955     46.910126   76.240234] bus	
[567.64136  390.78796   18.952942  32.541412] car	[586.3038   676.50256   16.45636   33.940186] car	[ 468.5484   1123.057      26.394958   26.707886] car	
[571.3085   425.07608   18.85913   33.711517] car	[579.9269   710.0408    17.130005  34.254333] car	
[576.0393   459.99573   18.607605  34.563354] car	[574.03864  745.1922    18.744568  36.016357] car	
[580.57886  496.78802   16.482483  30.874939] car	[565.58734  774.6261    18.651245  35.829285] car	[476.1905   495.6997    20.521667  29.775146] car	
[557.6109   806.5804    21.769348  35.167847] car	[583.4057   531.91095   17.359558  29.869751] car	
[551.1783   839.79407   18.990051  38.129944] car	
[542.214    870.57416   21.88861   38.182312] car	
[536.57007  905.38477   20.427368  37.7771  ] car	
[526.3346   930.38916   19.235657  35.006348] car	[584.8433   701.25793   15.241455  34.235596] car	
[581.06274  734.38477   21.376038  32.66205 ] car	[516.82904  963.8053    22.119751  33.760742] car	
[507.66483  989.2288    22.644073  36.995056] car	[577.56866  767.25995   18.49121   33.665283] car	[619.03735   50.699993  17.413818  35.373363] car	[ 506.715    1079.3176     31.675507   40.632202] car	
[571.7475   801.9152    20.683594  35.403076] car	[615.28656   79.42946   26.351746  37.676895] car	[ 498.71024  1017.4288     25.43161    37.735657] car	
[567.4849  834.0516   20.85968  39.31433] car	[617.43744  110.02712   23.442322  37.946404] car	[ 489.4293   1047.9469     24.862335   36.44104 ] car	[593.2625   596.0214    13.677856  29.980652] car	[ 528.446    1116.655      21.694092   33.168823] car	
[614.52026  140.48625   20.959412  36.89891 ] car	[564.8787   870.7619    20.827698  34.291748] car	[ 482.40973  1075.9055     20.432648   36.53589 ] car	
[614.78973  169.78004   22.791504  38.456146] car	[558.19635  902.0735    21.917847  35.05078 ] car	[ 480.73813  1101.2218     20.417694   37.194946] car	
[610.5173   199.08693   22.522034  39.076126] car	[556.7557   934.87994   19.351501  38.034485] car	
[605.3438   233.47989   25.73053   37.850464] car	[553.2291   968.1861    21.263916  32.586   ] car	[495.39398 985.40497  21.20819  29.80017] car	
[603.3894   262.56604   24.421509  36.799408] car	[546.0757   997.9426    20.308533  36.973145] car	[509.89435  963.28394   19.93103   34.781128] car	
[601.7409   294.44913   22.059387  37.26941 ] car	[ 542.15106  1031.3053     19.871216   33.605835] car	[591.5722   682.8372    16.849548  26.99414 ] car	
[ 540.05566  1063.6088     20.977966   33.223267] car	[598.8345   326.01993   22.572449  37.805298] car	[ 558.18884  1058.6415     19.958374   33.58069 ] car	
[596.782    355.46298   20.639893  37.913727] car	[ 530.88904 1092.6932    19.41278   32.1438 ] car	[ 513.40173 1013.06415   17.81958   33.00287] car	[544.3352   842.8882    15.078369  33.14038 ] car	
[593.6739   388.42148   21.481567  36.200134] car	
[589.95087  424.13785   20.298157  35.856842] car	
[586.69934  459.58994   20.783752  31.45517 ] car	
[586.3103   491.98334   19.569885  32.23059 ] car	
[583.9681   522.6507    17.962341  34.444946] car	
[590.5329   569.9995    17.561096  30.186768] car	[590.1751   548.28107   16.164429  32.193115] car	[731.3396    54.420723  31.791077  36.91456 ] car	
[649.12604  132.7167    25.949097  34.600525] car	[596.4333   597.5227    18.76233   29.398926] car	[726.33405  75.56868  33.55591  36.46257] car	
[592.0683   647.77765   15.128174  31.407288] car	
[595.2816   681.2558    17.05487   31.963806] car	
[601.8374   715.1164    15.381836  33.56079 ] car	
[607.833    751.25824   16.022034  33.27643 ] car	
[616.2833   784.6632    17.228088  33.190308] car	
[625.05566  818.8381    17.742004  34.751404] car	
[632.35126  851.712     21.700684  34.687622] car	
[642.2864   881.87006   21.153625  33.253235] car	[591.86584 264.1623   20.36322  39.54596] car	
[651.20294  915.8822    23.584045  31.549927] car	
[662.3871   949.57806   21.908081  30.26233 ] car	[660.6825    91.328705  47.72827   79.911255] truck	
[672.9393   981.6379    24.46582   30.432312] car	
[ 692.2881   1012.26874    19.726257   32.94574 ] car	[557.6255    690.60187     4.2507324   4.3233643] pedestrian	
[ 692.2881   1012.26874    19.726257   32.94574 ] car	[557.6255    690.60187     4.2507324   4.3233643] pedestrian	
[ 692.2881   1012.26874    19.726257   32.94574 ] car	[557.6255    690.60187     4.2507324   4.3233643] pedestrian	
[ 709.6084   1043.9248     21.361755   30.03064 ] car	[ 680.00446  1112.9518     20.677307   28.312866] car	[559.81104   710.6662      5.5910645   5.980835 ] pedestrian	
[ 709.6084   1043.9248     21.361755   30.03064 ] car	[ 680.00446  1112.9518     20.677307   28.312866] car	[559.81104   710.6662      5.5910645   5.980835 ] pedestrian	
[ 709.6084   1043.9248     21.361755   30.03064 ] car	[ 680.00446  1112.9518     20.677307   28.312866] car	[559.81104   710.6662      5.5910645   5.980835 ] pedestrian	

[543.61066  238.53517   14.523682  32.69069 ] car	
[513.19037  203.44191   19.554016  44.050735] car	


[586.9278    837.74725     5.204834    5.3258667] pedestrian	



[537.90015  184.3663    16.818481  38.027863] car	
[696.16833  543.25574   25.566772  66.03546 ] truck	
[542.23303  221.52931   17.416077  37.75804 ] car	[697.25934  556.10114   20.691101  63.592224] truck	
[ 469.45126 1014.6856    17.08014   34.41217] car	[529.0711   142.19281   19.109497  37.647293] car	
[837.6699   548.6453    31.508972  20.689453] car	[696.82666  580.38104   22.296814  72.79706 ] bus	
[532.30536  160.82784   17.593933  36.38347 ] car	
[603.81793  388.98343   23.490906  56.93048 ] truck	[700.2105  606.4033   18.15155  65.89282] truck	
[604.539    400.576     24.669556  56.185486] truck	
[604.597    412.5244    22.014954  56.08557 ] truck	[698.09344  627.14484   21.067749  79.15332 ] bus	
[632.801    864.96027   59.56836   75.525635] bus	
[532.8837   204.1974    17.460632  34.92816 ] car	[697.5664   647.9361    23.800964  76.09778 ] bus	
[532.95886  217.89441   19.815735  31.77246 ] car	[695.6611  666.1387   27.21167  79.47113] bus	
[606.3496   462.31204   21.788635  54.94748 ] truck	
[530.95386  233.72752   17.681152  34.65471 ] car	
[532.6936   240.75037   18.582642  31.639313] car	
[539.3708    271.98468     5.2318115   5.4656677] pedestrian	

[531.1289   262.35443   18.676147  30.859436] car	
[532.30707  278.40848   17.471191  31.63733 ] car	[540.1727    305.70306     4.339966    4.5325623] pedestrian	

[697.44305  765.1583    29.667664  70.59357 ] bus	
[540.8973    332.7018      3.986145    4.7522583] pedestrian	
[540.35675   344.6536      4.38855     4.6862183] pedestrian	[536.19824   345.6948      3.6333008   3.8530579] pedestrian	[550.42755  331.83444    5.0401     5.226227] pedestrian	
[540.73193   356.09088     3.9683228   4.256714 ] pedestrian	[544.15814   355.0726      3.8399048   4.0057983] pedestrian	[545.0526    358.21292     3.517517    3.5472107] pedestrian	
[539.2247    369.8294      4.654907    4.8901367] pedestrian	[542.8954    369.17258     4.6033325   4.7059326] pedestrian	[539.8805    375.29504     3.3794556   3.606781 ] pedestrian	[533.9096   342.17477   16.510742  34.72528 ] car	
[541.5199    383.21246     3.6220703   3.8410034] pedestrian	
[540.20874  396.65732    4.873657   5.557312] pedestrian	[543.0899    397.93976     4.8617554   4.975403 ] pedestrian	
[539.649     412.34473     5.5167847   5.839447 ] pedestrian	
[540.57355   428.32162     4.687378    4.5901794] pedestrian	
[542.13513   444.30756     3.7474976   3.859192 ] pedestrian	
[542.9453    457.02753     4.9084473   4.883301 ] pedestrian	[ 664.22296  1063.4952     26.975586   35.739136] car	[544.46545   461.46707     4.265991    4.1157227] pedestrian	
[542.65894   471.08383     4.8915405   5.387451 ] pedestrian	

[540.83527   501.30658     4.0406494   4.0915527] pedestrian	
[544.17114   512.4846      4.5874634   4.462158 ] pedestrian	[542.0109    513.4589      3.7217407   3.6532593] pedestrian	
[544.9215    523.79205     4.942932    4.6499634] pedestrian	[543.057     521.34204     4.546814    4.7330933] pedestrian	[546.6127    526.21265     5.0254517   4.628845 ] pedestrian	[542.342     524.4809      4.093506    4.0045166] pedestrian	[859.126    747.4384    49.455322  86.87866 ] truck	
[544.24384   534.4835      4.8984375   4.8866577] pedestrian	

[546.9386    553.8292      4.4542236   4.3705444] pedestrian	

[545.0005   568.45044    5.144287   5.376526] pedestrian	
[385.19418  433.0844    30.92221   24.858551] car	[545.2121   575.8474     4.114197   4.476074] pedestrian	[542.69116   578.5285      3.8929443   3.843872 ] pedestrian	[547.21796   629.5675      3.9907837   4.2055664] pedestrian	[537.13965  930.9196    16.409729  34.968506] car	[542.28735  574.30054    3.934021   4.061157] pedestrian	[548.09314   575.3595      4.2852783   4.557007 ] pedestrian	
[545.48846   582.335       5.210083    5.3341064] pedestrian	[541.9644   583.3555     4.19281    4.312195] pedestrian	
[547.02606  589.2938     4.727112   4.758667] pedestrian	[ 578.81824  1020.01215    25.656067   32.767883] car	[548.88934   664.3006      3.6240845   3.8244019] pedestrian	[543.0521    590.8492      3.8240967   4.004822 ] pedestrian	
[545.49445   594.7269      4.5531616   4.9294434] pedestrian	[546.0249    597.5622      5.4732056   6.010559 ] pedestrian	[542.4688   596.1935     4.350464   4.65979 ] pedestrian	
[ 582.5559   1024.5524     20.6026     35.220215] car	[544.78284  600.5479     4.881531   5.062866] pedestrian	
[546.4078    607.1379      4.637451    5.0513306] pedestrian	[545.6801   610.42896    4.298279   4.479431] pedestrian	[504.59824  995.6039    18.776337  36.68994 ] car	[548.99884  608.5136     5.286194   5.164978] pedestrian	[ 580.59125  1025.306      16.368225   34.73181 ] car	
[546.84106   615.88525     4.3618774   4.756653 ] pedestrian	
[547.7775    618.43976     4.5008545   4.8571167] pedestrian	[549.89075   621.01013     5.1705933   5.227112 ] pedestrian	[546.9969    622.2459      4.185364    4.3321533] pedestrian	
[549.492     627.04254     4.8789673   5.209961 ] pedestrian	[547.0387    627.7296      3.9944458   4.2401123] pedestrian	
[546.5443    633.31775     4.6812134   5.104248 ] pedestrian	[617.6801   914.70404   22.943726  73.96997 ] truck	[ 584.27057  1022.7717     17.619324   33.90393 ] car	[549.52856   631.2795      5.5927124   5.7053223] pedestrian	
[ 584.6811   1027.4738     18.169678   34.48694 ] car	[547.46173   639.6514      4.3740234   4.668396 ] pedestrian	
[493.827    971.6149    17.482483  39.704407] car	[ 584.3838   1021.5706     16.635986   36.490295] car	
[494.7317   980.67615   18.247864  33.999084] car	[ 586.2449   1024.1125     19.099121   31.938354] car	
[495.97125  990.97925   17.392761  35.484985] car	[ 585.26227 1022.16144   18.1167    33.44574] car	
[ 582.0254  1023.3671    17.48944   32.11261] car	
[ 582.18713  1022.45374    18.024963   34.795776] car	
[ 582.5528   1022.61273    18.981628   34.52069 ] car	
[ 580.745    1026.5499     18.019653   31.758911] car	[ 613.0252   1001.21295    26.49585    63.104065] truck	[605.9618   893.9572    17.331848  30.753601] car	
[ 614.5964   1004.4925     24.650513   78.82294 ] truck	[ 581.8221   1023.9493     18.592834   35.138367] car	
[ 614.5964   1004.4925     24.650513   78.82294 ] truck	[ 581.8221   1023.9493     18.592834   35.138367] car	
[ 614.5964   1004.4925     24.650513   78.82294 ] truck	[ 581.8221   1023.9493     18.592834   35.138367] car	
[ 614.5964   1004.4925     24.650513   78.82294 ] truck	[ 581.8221   1023.9493     18.592834   35.138367] car	
[ 614.5964   1004.4925     24.650513   78.82294 ] truck	[ 581.8221   1023.9493     18.592834   35.138367] car	
[ 581.3764   1026.675      17.215271   34.795776] car	
[ 581.3764   1026.675      17.215271   34.795776] car	
[ 581.3764   1026.675      17.215271   34.795776] car	
[ 581.3764   1026.675      17.215271   34.795776] car	
[ 583.24805  1027.6709     15.866882   33.271606] car	[ 618.4558   1064.9763     19.390503   40.703735] truck	

[ 614.5006  1063.5695    25.24884   66.66968] truck	


[544.1318   820.86505   18.020386  27.413086] car	[ 616.7952  1107.5594    20.93927   40.90869] truck	
[597.3914   487.27667   18.730164  31.299866] car	[ 580.57794  1053.3058     17.617493   33.29785 ] van	

[ 581.251    1073.056      17.859253   30.592773] car	

[ 577.87726  1084.9498     19.789001   32.421875] car	
[ 576.3138   1090.8588     20.478638   31.34497 ] car	[526.8311   817.9556    15.871277  31.745728] car	
[ 575.2802   1095.8882     20.595154   34.015625] car	[680.1162   606.6342    21.093567  29.34076 ] car	
[ 575.8276   1103.6326     22.041382   30.700806] car	
[ 573.7549   1107.0865     22.008972   29.007935] car	
[ 572.72833  1112.6207     19.09497    36.202515] car	






[457.3275   932.9791    17.406647  37.056274] car	





[542.60565  758.20404   14.970215  30.644165] car	





[669.5346   147.60928   25.120117  28.666916] car	
[663.27856  177.00977   27.277405  28.885086] car	[531.49567  902.7804    13.928101  30.11377 ] car	
[657.35645  206.40675   28.147522  30.276993] car	[708.38135   67.31625   27.025757  30.701668] car	
[648.81     236.54028   28.39685   31.347687] car	[511.17715  985.0189    13.880951  30.817627] car	[509.9598   939.82355   14.212799  30.75293 ] car	[511.93866  911.07477   12.23761   22.993103] car	
[640.21246 266.0756   27.34253  31.0542 ] car	[ 515.59283  1002.86255    14.737427   30.662476] car	
[631.97504  297.30807   28.132874  28.484467] car	[538.5321   938.59247   15.457153  28.64618 ] car	
[624.27106  324.70978   25.565247  29.63733 ] car	[512.7992   991.5556    14.563293  27.421692] car	[640.2396   226.94456   23.153564  29.872238] car	[ 517.16516  1036.506      13.224365   30.99121 ] car	[690.14246  156.58586   26.286499  28.706833] car	
[616.8199   355.05194   26.352783  29.466705] car	[693.7874   271.13934   25.134827  26.566376] car	[ 511.79138  1006.85913    12.913757   30.976562] car	
[610.4486   381.92886   26.872253  30.798706] car	[517.2459   994.18634   14.227417  32.733337] car	
[600.7588   443.1569    23.257507  26.507202] car	[ 558.31775  1016.6385     13.151428   32.529114] car	
[746.5699    52.53669   38.231567  31.868217] car	[595.33203  471.1645    18.94281   25.866913] car	[721.9519   111.13818   27.130188  29.825745] car	[ 539.23785  1042.6265     14.037903   32.33606 ] car	[708.0266    77.302475  27.413574  27.244362] car	[694.45654  195.52785   25.079224  29.142456] car	[714.4804    35.633266  34.729004  36.40662 ] car	
[591.3779   496.06882   17.821411  27.6185  ] car	[737.6698    70.07846   34.36371   26.631912] car	[696.8489  218.62425  28.3031   29.06749] car	[682.4193   244.20947   29.638062  31.269653] car	
[590.7132   525.4202    15.08252   28.215881] car	[690.93396  202.1787    39.731445  59.407425] truck	[690.974    235.75975   27.176697  24.46318 ] car	[693.5586    21.522657  49.764893  52.447906] van	
[663.1913   228.1207    24.498901  31.331696] car	[673.09467   41.002426  43.534668  38.756134] van	[664.41077  266.44373   27.860352  31.877869] car	[708.5003    62.654648  37.05188   24.523506] car	
[667.306    227.99971   34.331238  54.45677 ] truck	[679.0463    92.50784   31.463684  24.584633] car	[652.7328   83.82808  27.18219  25.77356] car	

[661.8811   794.6088    26.371826  21.641296] car	
[609.32904  686.12335   16.774292  31.493591] car	[671.09357  800.35175   28.30249   28.207825] car	
[620.5214   710.2407    18.35675   30.926819] car	
[630.2586  735.74646  23.5047   33.84674] car	[688.87006  818.8238    29.530334  28.1781  ] car	
[654.158    771.00964   24.723877  30.533203] car	
[672.2537   802.4187    27.061829  28.2099  ] car	[714.86426  866.74207   27.290161  32.180603] car	
[688.155    833.0139    28.512634  29.412415] car	


[563.1956   189.80347   16.646118  27.635788] car	[581.87006  233.54935   18.735718  27.133331] car	
[573.495    245.32608   19.81604   28.774475] car	[563.0931   255.8345    16.939514  31.409698] car	
[641.28375  836.7297    57.022278  68.02911 ] truck	

[595.1757   808.3909    15.979248  26.689026] car	[563.86786  309.91724   16.234802  28.447388] car	
[564.4308   320.83685   19.10199   29.798553] car	[649.4069   889.7592    57.76776   71.760925] truck	

[ 683.9017   1055.304      29.797241   34.39624 ] car	

[635.3273   945.95746   52.205933  72.11615 ] truck	[616.5433   941.4512    21.554016  34.649475] car	
[635.4316   954.4517    53.12903   91.098816] truck	

[618.73816  972.0724    55.50952   76.947876] truck	[520.0021   359.36316   17.632874  27.778534] car	

[600.9217   993.5068    57.358765  63.809875] truck	

[514.06287   450.29062    15.2022705  27.592468 ] car	
[ 576.25494  1021.4432     50.031128   75.08038 ] truck	[ 621.62683  1003.3144     17.51538    32.527283] car	
[ 604.0656   1018.4396     15.425659   31.503906] car	
[ 528.63336  1041.5546     51.13562    87.889404] truck	[ 580.5747   1030.6584     14.788513   30.980469] car	
[ 490.1414   1040.9894     45.414948   95.022095] truck	
[573.4451   388.24918   18.729492  29.061646] car	
[468.50113  461.043     30.93811   25.737518] car	[559.532    482.24216   19.971558  33.691986] car	[502.35068  460.93457   43.684418  30.87503 ] van	
[480.99728  457.71487   32.24411   24.315033] car	[436.59006  425.479     22.909302  22.991486] car	
[456.62213  417.68195   24.187866  23.275543] car	[497.78107  454.7549    29.597961  26.698425] car	[536.1757   465.12213   29.878052  29.319092] van	[477.79443  435.42      24.076202  23.450989] car	[429.32306  402.60144   27.049286  21.754517] car	[401.57413  397.0846    32.332764  27.371246] car	[617.7204   430.08173   25.447693  30.869812] car	
[479.76373  413.79532   22.316742  23.056885] car	[513.1843   454.90054   31.736694  26.43283 ] car	[680.32404  366.4292    21.915283  26.570312] car	[548.6428   468.89804   28.297546  31.998688] van	[401.66833  369.65903   28.017792  26.177155] car	[714.5748   315.71515   24.503113  29.272583] car	[429.21445  387.3893    29.209137  24.464111] car	[696.67395  338.66345   21.91333   27.860077] car	[549.75757  468.8457    25.87909   29.142426] car	[577.42737  504.3872    19.246399  27.634521] car	[663.3334   386.1382    22.956177  28.810791] car	[136.37306  288.30856   84.78061   57.199097] bus	[497.16943  433.4016    23.346008  24.905579] car	
[581.5752   515.7745    19.429993  25.004639] car	[455.3286   372.58887   31.836182  31.135681] car	[501.9763   407.82462   23.329498  25.155518] car	[432.0643   358.2938    25.573456  24.189972] car	[527.7027   454.75534   35.066162  29.323914] van	[487.2239   384.31503   24.614014  28.05893 ] car	[745.8538   350.44504   26.729126  28.109772] car	[481.6711   607.4387    50.80771   58.117493] truck	[706.73676  357.19153   23.591248  27.403595] car	[706.40924  390.92975   23.228516  27.688263] car	[516.77423  428.91757   21.637268  27.095276] car	[708.59015  419.29028   23.269226  27.76361 ] car	[758.33704  328.8595    25.974487  30.211609] car	[725.9802   372.71347   21.792908  26.724487] car	
[523.55524  411.65207   22.08252   24.835175] car	[544.8078   458.58685   30.387695  28.47409 ] van	[575.3832   481.54477   20.994385  27.532867] car	[487.99988  366.21112   29.512268  34.579376] car	[473.5317   604.4278    51.724945  54.891235] truck	[510.94904  380.62323   23.460815  26.589478] car	
[579.78625  486.02042   22.650757  33.839752] van	[318.8091   201.76498   34.342194  33.97438 ] car	[549.029    415.0098    20.721497  22.012207] car	[553.47363  433.37994   20.082214  29.345612] car	[459.67474  296.82672   24.705536  33.521454] car	[560.04517  464.64093   23.327515  28.570618] car	[366.16876  221.79565   29.893524  30.017593] car	[509.5846   365.8483    34.31909   35.070465] car	
[592.2444   496.27927   22.42871   36.229584] van	[571.16693  461.13617   25.654114  34.136017] van	[465.50095  277.32663   32.667267  36.297333] car	[404.43124 211.0392   28.16858  32.29225] car	[535.6724   370.2446    30.101562  33.690125] car	[491.03552  295.06885   31.82434   33.491547] car	[367.25845  183.55072   29.693695  30.34671 ] car	[564.5723   418.74417   21.617615  30.010956] car	
[558.9748   375.60263   23.122498  32.61496 ] car	[490.5067   605.2414    26.8219    24.456665] car	
[444.9976   173.04857   23.784607  27.486252] car	[536.28577  429.623     19.447632  26.864624] car	[548.68896  535.0588    14.979309  29.513245] car	
[547.99115  546.1402    15.859009  26.331848] car	[537.85364  548.6695    15.466187  27.751465] car	[548.9149   562.9574    12.091736  23.718323] car	[373.59802   55.4316    44.12433   46.281834] car	
[394.29117   60.54721   36.16153   41.205803] car	[485.6151   184.67427   22.914307  28.649399] car	
[491.02438  186.86888   26.991547  28.65384 ] car	[407.57803   64.413765  39.8721    38.651848] car	[548.2724   563.45374   15.475952  26.595276] car	[531.26483  588.5568    17.603455  29.962708] car	
[497.65247  194.7697    27.364136  28.281662] car	[553.7799   590.8784    14.397888  27.42566 ] car	
[505.2163   206.75095   28.809937  28.42392 ] car	
[428.9042    84.94071   38.104095  40.549393] car	[511.30878  212.54482   27.394714  27.887512] car	
[436.76303   96.19304   33.598755  37.304855] car	
[495.3883   206.27473   32.803528  33.284485] car	[437.07803  110.80435   32.764923  37.258667] car	[477.6766   185.78308   33.375153  28.49054 ] car	
[510.30743  246.30795   31.013     32.049194] car	[483.24277  198.14299   29.79721   26.809708] car	[466.1989   172.60435   28.408203  29.180664] car	
[512.25073  257.7915    32.090576  33.611023] car	[443.51175  134.07417   29.659393  35.620163] car	[486.64572  212.55057   28.83786   25.157104] car	[496.1754   231.90744   31.932861  31.079285] car	[465.8155   186.02232   32.069885  31.481049] car	
[515.10724  272.6408    31.630188  33.590057] car	[442.44608  147.40666   35.202667  36.595657] car	[497.06302  245.57024   34.508453  33.340744] car	[454.7195   349.07938   24.89267   31.132751] car	
[399.06873  67.47478  39.78238  36.82956] car	[515.983    285.77252   33.261536  33.838867] car	[443.6544   158.42651   37.00409   36.919037] car	[500.52267  261.4792    29.775787  30.058289] car	[486.50995  235.93758   31.484375  27.309128] car	[385.37238   43.3615    37.10504   27.353664] car	[473.325    213.0636    31.545258  28.803833] car	
[411.52975   75.891045  37.624664  42.72831 ] car	[396.6922    51.627712  39.112915  36.576267] car	[523.87634  297.73633   30.596313  33.853058] car	[454.75043  170.90779   37.222015  38.64705 ] car	[576.9855   686.0507    17.457886  26.734497] car	[553.07764  697.2044    15.707947  28.775452] car	
[531.9731   314.5105    30.805237  32.75009 ] car	[490.18222  237.57413   31.403656  27.830444] car	[419.0524    81.249886  45.71695   47.15513 ] van	[468.11774  184.99995   34.208893  35.6062  ] car	[515.5047   288.21613   30.902771  31.101288] car	[500.05524  262.9071    32.705322  26.704193] car	
[539.64655  327.2172    30.330933  33.121582] car	[479.58072  197.7268    34.111664  36.291397] car	[500.69305  250.99553   31.453308  29.844803] car	[527.5345   301.00104   28.726196  32.004547] car	
[429.61716   38.787613  31.563385  33.7696  ] car	[457.3628   110.59293   39.04779   37.398323] van	[493.56604  213.9334    35.183228  34.43611 ] car	[549.6304   343.1253    31.047302  31.71341 ] car	[513.48785  261.72952   35.818665  33.714905] car	[525.0407   292.56235   34.513855  26.243713] car	
[511.43323  224.49376   35.279114  37.194656] car	[558.5095   361.03052   24.215515  30.836456] car	[530.2893   282.2542    27.972961  27.215973] car	
[524.8952   771.7276    19.013794  28.565186] car	
[489.29636  282.0216    21.114746  27.151794] car	[613.53564  867.1764    17.867615  27.568298] car	[573.62024  345.2438    20.695007  25.91565 ] car	[590.4877   859.2109    16.203735  29.610168] car	[596.9328   880.0869    17.65625   24.757019] car	[514.145    359.1961    18.419739  27.928589] car	
[524.9052   378.05463   16.473267  23.943176] car	[556.8553   277.86395   26.187012  30.328857] car	[567.2098   313.74426   23.291382  18.188416] car	[574.501    339.6155    29.818665  88.395386] truck	[569.31683  335.75037   24.911377  32.407074] car	
[569.0195   276.5946    25.650146  32.114227] car	[566.5276   896.09875   17.00061   30.672607] car	
[575.5748   295.72836   24.690674  32.21167 ] car	[572.68555  191.01286   16.893982  31.215576] car	[598.12036  436.74478   21.161987  25.256073] car	[586.4936   376.20044   19.590454  26.289062] car	[551.0253  792.4144   42.61151  57.25177] truck	[582.05145  356.22302   21.447266  22.832825] car	
[586.34406  314.76334   25.767944  32.99945 ] car	[550.613    536.4602    13.321838  27.302795] car	
[ 556.5883   1059.789      24.699463   38.36377 ] car	
[648.35913  592.64355   15.260864  28.627563] car	
[604.8669   667.1382    32.170654  63.541748] truck	[487.404    979.3318    21.264954  35.89087 ] car	[646.9933  615.3464   16.31549  31.70874] car	
[604.5351   687.41925   30.745728  60.30841 ] truck	
[604.51324  705.1655    29.087769  60.56848 ] truck	
[605.8535   723.276     29.755493  63.80719 ] truck	[553.9396   758.4211    16.012146  30.025513] car	
[604.8787   739.4889    31.889648  67.46521 ] truck	
[605.90607  760.06323   32.506653  64.17737 ] truck	[553.5279   796.96295   18.02301   29.325562] car	

[496.04553  867.7498    16.983093  28.090515] car	[467.7856   952.5645    21.276398  31.124878] car	[608.9892  797.292    31.5943   62.71051] truck	





[559.1256   740.6672    14.804443  26.059387] car	

[559.07025  774.68427   14.381531  31.04895 ] car	[614.7284   716.3484    24.817932 116.573975] truck	
[554.67426  533.0896    13.957581  25.923157] car	[612.5922   740.0722    25.839844  83.32843 ] truck	[559.529    794.2619    15.555725  27.253479] car	
[557.77277  790.55493   16.166016  33.04724 ] van	

[ 678.50616  1011.75745    18.965942   31.354126] car	[559.18604  846.57837   14.878906  29.10321 ] car	[611.9524   793.95605   26.544312 109.75818 ] truck	[590.8449    51.517277  23.145325  30.403767] van	
[ 573.1513   1071.3107     14.352966   24.497437] car	[561.7515   864.83826   14.632202  30.668701] car	
[617.1623   628.8699    27.480164  68.6355  ] truck	
[566.95355  899.6651    13.304565  27.611328] car	
[567.3389   915.7224    13.500732  30.562561] car	
[567.63196   934.23096    14.2734375  27.040466 ] car	
[567.63196   934.23096    14.2734375  27.040466 ] car	


[574.326    983.1664    14.70459   30.112915] car	
[561.73865  755.9071    15.633057  28.7677  ] van	
[560.3498   772.0357    17.142334  34.26465 ] van	


[551.9078   512.09235   14.111206  26.27179 ] car	
[614.6471   694.1967    22.295898  98.16174 ] truck	[553.5254   528.96045   13.884888  23.420654] car	[ 562.3641   1081.1971     18.705261   29.571411] car	

[ 558.696    1111.2788     22.091736   28.56189 ] car	
[548.6867   361.0361    16.531616  26.627106] car	
[549.38727  377.62872   16.465576  23.088257] car	[ 606.2428   1044.7487     15.600769   29.53479 ] car	
[550.86127  408.2747    15.97229   25.589447] car	[574.40906   41.206676  20.008057  25.49564 ] car	
[576.01965   48.51934   20.499512  29.695427] car	[552.07764  424.29248   15.337524  26.71762 ] car	
[574.7637    70.878654  20.041138  26.529037] car	
[575.6138    87.31728   21.230469  26.951637] car	



[575.4818   141.00937   17.981018  31.063492] car	
[573.87726  161.12737   20.98767   27.143372] car	
[575.1828   176.79361   18.84076   26.485138] car	[594.11694  238.87675   14.53363   25.219894] car	[546.1111    90.25643   18.208496  30.882584] car	
[556.3162   138.96027   28.074097  27.360184] car	[506.2977    15.242     33.05771   43.209152] van	
[575.88025  210.08176   17.85028   27.212265] car	[543.8252   121.28852   21.480103  29.704826] car	[573.0588   138.6939    16.947998  28.009644] car	
[574.8128   220.5229    18.495422  27.29457 ] car	[544.3997   136.37244   18.281311  28.908966] car	[556.1229   169.48958   21.284485  24.806763] car	[549.43414 588.46265  14.28064  28.28418] car	
[576.17554  236.24911   18.041199  24.236664] car	[ 572.3889   1125.1034     14.147583   25.75232 ] car	
[574.6093   249.09933   17.825134  26.114807] car	[537.928    175.19504   24.62677   20.646423] car	[524.378     14.813515  29.532715  34.58965 ] van	[554.62103  199.199     25.86261   27.669037] car	
[575.62775  266.0283    17.857056  25.868652] car	[543.889    181.67851   18.631775  26.59819 ] car	[572.09326  200.72455   18.763306  25.032394] car	[557.49316  209.57922   17.502686  26.403137] car	
[575.07996  278.02292   18.44513   27.092316] car	[558.9357   222.84836   22.690979  26.878098] car	[542.3701   194.0418    19.110779  29.21312 ] car	
[576.0661   291.09033   20.155579  29.35205 ] car	[544.8564   209.1948    19.289368  27.449112] car	[560.8087   238.30531   22.092468  27.739243] car	[530.9146    55.86013   23.549072  30.681847] car	
[577.29083  303.38535   18.39386   29.097229] car	[544.7551   222.20647   18.422913  27.077606] car	[561.4802   252.70227   25.801453  26.69574 ] car	
[577.90686  320.61273   18.266052  25.923676] car	[560.8883   266.2276    22.10669   27.026154] car	[546.9711   238.834     19.20813   25.061691] car	[531.3892    83.715935  26.678894  30.368454] car	
[579.1311   332.6371    17.211975  25.915253] car	[566.3557   277.8952    20.071594  26.81485 ] car	
[565.45     290.699     20.004517  28.47049 ] car	[580.9603  340.18625  16.72998  30.39914] car	
[550.90424  273.07916   17.027893  28.263336] car	[566.401    304.9112    18.775269  25.884552] car	
[582.4892   367.71603   15.408813  27.671478] car	[551.629    286.88638   16.186401  26.155457] car	[656.62933  815.8257    15.260742  28.619812] car	[565.7072   318.55057   19.52301   26.280396] car	
[551.54364  297.36295   17.392212  27.81717 ] car	[540.17896  144.37753   21.122131  33.80536 ] car	
[549.5809   312.0044    17.763184  26.93106 ] car	[565.616    344.28235   21.986328  24.734283] car	
[581.62823  406.51526   15.665649  27.974274] car	[548.8358   326.89825   16.696106  23.851257] car	[565.19824  354.23703   20.029114  25.448608] car	[555.87067  530.79565   13.086304  27.901733] car	
[547.26556  336.01184   17.805908  26.500977] car	[581.9417   418.90283   14.989197  25.945374] car	
[581.4558   431.7569    14.991089  25.835815] car	[546.05585  347.6295    20.496094  25.854584] car	[566.5354   375.69327   18.17627   26.930054] car	
[580.9041   438.4744    14.863403  28.730377] car	[ 578.1589   1036.6781     14.414673   29.725586] car	[571.46124  384.29092   16.960327  28.682037] car	
[579.6277   452.3067    15.691467  26.944183] car	[565.0702   401.13876   18.364258  23.456238] car	[561.539    326.46756   18.75647   26.069824] car	[547.2747   372.0349    18.034973  23.664734] car	
[568.5012    832.1949     13.3307495  33.781433 ] car	[566.3394   411.1737    17.41803   24.896606] car	
[582.1543   472.45248   13.383728  26.748535] car	[567.9996   420.02594   15.033691  25.750092] car	[566.24805  843.515     14.894043  33.117004] car	[ 574.8526    1067.7986      13.7838745   29.598755 ] car	
[549.45294  399.55652   19.47699   26.184998] car	[566.75946  430.30798   18.661194  24.793793] car	[563.6499   853.197     14.958862  31.582825] car	[583.36945  483.7158    15.69397   27.465912] car	
[551.82416  410.15967   20.763794  24.838348] car	[566.2476   437.85046   18.117432  27.330719] car	[564.1946   863.146     13.332581  30.0542  ] car	[581.4311   487.5708    14.710327  30.300293] car	[546.72314  380.58276   22.381409  25.536285] car	
[562.15356  869.7628    13.972656  30.367493] car	[581.11176  498.55576   15.217957  32.103363] car	
[558.26166  879.4983    14.776001  33.674805] car	[ 558.70996  1105.8484     12.368652   28.489258] car	
[550.4752   887.1613    13.74353   30.932068] car	[ 545.35895  1113.1521     15.273926   27.614502] car	
[ 526.7557   1120.1527     16.245728   27.67871 ] car	
[ 502.8312   1123.2207     22.138885   28.539673] car	[529.1049   902.7121    15.473999  26.95813 ] car	

[587.2626   501.12015   22.534668  28.919037] car	[672.4335   491.16675   29.524475  27.35669 ] car	

[435.05215  304.17444   30.17337   27.524963] car	[573.7432   361.9057    36.302307  35.554657] car	[493.32132  333.74713   28.117523  30.110138] car	[595.1477   524.2426    18.952454  29.568481] car	[162.92413  145.49242   78.33177   64.148636] bus	
[457.58542  303.54053   27.656555  25.161377] car	[319.93832  189.72859   35.070923  31.514511] car	[417.77515 909.0261   22.07846  29.85785] car	[511.93924  337.50888   27.881683  32.714996] car	[ 413.907    1009.9471     47.647278   74.59906 ] bus	
[478.38135 299.7309   32.17572  32.26529] car	[607.38965  495.9021    26.12622   27.621887] car	[534.50977  341.48666   25.753723  30.229828] car	[392.2198   904.2584    23.220612  29.01831 ] car	[609.7592   380.4921    34.068054  36.558044] car	
[503.84204  306.41034   29.464722  27.546356] car	[446.73343  776.1614    22.167603  31.72461 ] car	[376.784   862.78186  20.5831   25.11267] car	[540.97833  432.7748    18.688965  28.535278] car	[397.26572  830.71814   19.04126   24.032288] car	[540.1038   332.21103   25.843445  27.573242] car	[553.2065   347.98767   27.463135  29.921997] car	[241.53241  132.51338   39.303986  35.217087] car	[408.96744  845.86334   22.688965  25.577087] car	[570.87805  457.7784    24.731995  27.082733] car	[364.70117  895.21313   24.14569   29.912354] car	
[424.73444  162.54427   33.72928   33.434067] car	[312.57565   82.595116  38.019196  36.541023] car	[699.1017   504.01364   31.438171  32.802094] car	[499.99927  274.7013    29.257019  35.864716] car	[529.21423  308.50308   27.112488  32.092896] car	[378.75482  799.5092    24.733826  29.40979 ] car	[424.06882  768.96515   29.916382  31.772095] car	[392.39554  845.78375   21.692902  23.445679] car	[266.13895  158.73291   31.680725  29.056396] car	
[550.95166 310.39832  27.54132  32.6756 ] car	[527.40576  282.31876   27.094727  32.253723] car	[558.3443   506.89194   24.393066  28.738373] car	[587.50287  488.68454   26.064758  28.0513  ] car	[461.46838  160.10344   31.866943  32.708862] car	[707.92773  531.83826   26.21283   27.975464] car	[563.23     448.06744   18.649475  29.873657] car	

[597.51154  496.6646    30.826782  28.33014 ] car	
[599.2061   326.88934   26.843262  32.23712 ] car	
[599.2061   326.88934   26.843262  32.23712 ] car	
[599.2061   326.88934   26.843262  32.23712 ] car	
[599.2061   326.88934   26.843262  32.23712 ] car	





[427.01923   23.110012  34.06183   32.299076] car	
[458.4235    41.124756  29.55597   31.48616 ] car	[781.1674   552.2836    28.29303   26.170227] car	
[487.22772   59.79088   26.819885  31.53341 ] car	[632.2161   981.1354    22.827393  29.642029] car	
[512.9391    81.109024  22.867676  31.559189] car	[655.3737   579.2759    14.572571  27.520996] car	[626.31866  122.94331   19.090576  35.911804] car	
[534.4286   102.0207    18.171143  33.39956 ] car	[595.12976  143.11768   19.108337  39.65181 ] car	[663.60126  594.4542    16.210083  28.611877] car	
[549.02637  126.37367   18.797668  31.349472] car	
[558.0117   150.85983   16.410156  32.17456 ] car	[653.32715  590.1336    17.087952  31.568787] car	[623.2568   170.74196   17.340881  39.032104] car	
[562.67377  178.66872   17.24237   30.799728] car	
[574.18396  203.31483   17.265259  33.661285] car	
[573.9311   230.63387   18.742859  31.701492] car	[ 561.23267  1083.533      14.778381   34.973145] car	
[577.0345   257.6563    17.67871   32.044495] car	[622.8263   670.64905   16.911682  28.743408] car	
[578.37665  280.9633    19.03479   33.523773] car	[ 557.4991   1110.5123     13.550781   32.43933 ] car	
[578.9458   304.47668   17.788208  34.697968] car	
[578.56036  332.10336   18.683899  33.762177] car	
[581.8551   355.4949    17.16864   34.179626] car	
[583.4244   406.94934   16.983704  31.028198] car	[597.6481   863.0193    16.856873  32.15497 ] car	
[584.3506   433.3295    16.1474    29.535553] car	[623.59796  769.3751    15.471985  29.282166] car	
[585.7118   460.7349    17.14679   28.342163] car	[ 591.0081   1017.5379     18.596313   29.85614 ] car	[568.145    903.8997    20.47931   52.009277] truck	
[584.68536   478.14212    15.4487915  31.619171 ] car	[600.21906  901.2056    16.572083  31.26355 ] car	[502.8697   868.8589    16.669373  34.702026] car	
[599.2748   912.4309    16.414795  31.584778] car	
[585.2149   529.0719    15.212891  30.134216] car	[572.0712   505.67197   15.524048  31.754425] car	[ 598.337    1052.0798     17.541992   29.852905] car	
[ 600.41455  1061.5393     18.269043   34.126587] car	[587.27856  548.0642    14.468445  27.349731] car	[605.04236  935.8076    15.846924  27.998657] car	[590.19495  574.5402    14.128113  25.8797  ] car	
[587.66876  568.9187    13.937256  27.47699 ] car	
[589.20886  592.66003   14.2901    24.347229] car	
[518.99756  938.4006    15.416382  32.477173] car	[590.5566   632.1692    18.181885  25.136902] car	[589.7971    595.22406    14.6935425  27.879333 ] car	
[577.3406   991.7721    24.557495  71.80505 ] truck	
[594.0289   693.1908    15.71283   32.862732] car	[509.38403  950.55536   16.838318  38.24048 ] car	
[595.2262   712.90027   14.887146  31.44281 ] car	
[596.06494  736.56366   13.964478  26.830505] car	[611.6635   997.765     16.481934  31.706177] car	
[596.05475  754.1279    14.795288  28.956299] car	
[599.2653   772.88074   14.747986  30.12555 ] car	[ 587.0231   1057.8735     24.390259   80.96326 ] truck	
[601.38306  810.3866    14.648926  34.53253 ] car	[595.56604  949.753     16.532349  35.850403] van	[816.76166  406.43036   24.084839  23.309998] car	[ 588.35583  1061.4364     25.046814   81.96069 ] truck	
[633.2088   922.4094    17.888672  29.741821] car	[ 589.85254  1085.9539     19.570007   32.38562 ] car	[600.9868   830.05      16.891907  29.45813 ] car	
[599.76843  851.3049    16.726685  33.02948 ] car	[ 523.0543   1005.2274     16.30719    34.810913] car	
[601.14355  868.194     13.896545  28.656067] car	[ 520.2475   1012.8677     17.522156   30.30774 ] car	[579.52594  934.33905   15.429382  30.863708] car	
[632.18726  944.4873    17.667114  30.873657] car	[598.74695  886.6301    18.817993  29.733765] car	[577.3733   930.4988    16.915894  26.338562] car	
[601.044    906.9371    18.236816  28.520325] car	[ 491.19928  1020.3745     17.813416   32.493652] car	[ 546.72833  1004.35187    17.831482   29.320496] car	[631.7275   949.3569    17.323853  30.635864] car	
[607.0907   925.1724    16.200623  30.997437] car	[580.9356   918.13      15.121643  28.826904] car	[ 610.87195  1064.1987     17.880554   29.644287] car	
[602.2006   943.35516   16.442505  33.438354] car	[582.86896  913.0908    13.51886   30.159302] car	
[602.2911   963.91595   16.876587  30.010254] car	[865.72656  475.04138   27.846558  23.437775] car	[630.4104   970.15656   15.716675  31.793335] car	[608.01306  775.62146   14.960388  28.440674] car	[ 516.3342   1048.5488     16.824768   33.407715] car	
[607.05396  999.55615   16.014282  31.915283] car	[581.77094  898.3339    16.582153  29.71228 ] car	[609.16003  792.7414    13.986511  25.609924] car	
[ 601.89417  1018.9881     18.384583   29.915833] car	[ 601.9747   1022.061      18.710327   32.620544] van	
[ 607.9216   1036.8558     14.946045   32.18103 ] car	[576.28345  890.6903    15.829407  30.349854] car	
[ 604.1221   1056.488      15.233582   34.47473 ] car	[ 626.2669   1018.9875     15.846802   31.50946 ] car	[608.5646   822.34296   13.363831  29.79248 ] car	
[ 611.39996  1076.4082     15.972351   32.938965] car	[578.0506   887.8271    16.771973  26.020386] car	
[ 614.13745  1098.2262     15.246826   33.97644 ] car	
[ 615.0572   1116.095      18.371582   31.406494] car	[608.344    844.32135   14.822327  26.452759] car	

[576.78973  885.952     13.913757  28.511719] car	


[590.36694  233.24144   16.40802   28.597153] car	[538.0038    78.82497   29.430725  67.78844 ] truck	

[613.183    955.4344    14.950134  24.320068] car	[594.3513   693.58984   15.732056  24.515076] car	
[585.79736  594.68555   13.938232  27.099915] car	
[635.911    411.4679    16.243164  23.759033] car	


[578.32306  914.3353    15.990906  28.849792] car	[539.6636   168.76923   23.252625  77.20419 ] truck	[613.0969   456.66116   22.695679  62.840668] truck	
[579.82007  919.9433    17.927246  29.402222] car	[576.74146  917.4996    18.251038  35.544067] van	

[577.9818   934.3598    15.470459  26.329224] car	
[580.5199   939.993     15.176758  30.867554] car	
[539.77234  227.44624   26.158875  75.33299 ] truck	[580.3594   944.14276   19.365662  31.402588] van	
[541.4967   247.60889   26.221191  77.19226 ] truck	[580.03033  950.357     14.554443  33.159363] car	[592.0275   573.1205    13.750305  24.184692] car	
[577.21246  954.5346    17.762512  30.955566] car	
[575.3417   958.44476   23.114563  76.53265 ] truck	[655.4595   660.17725   17.692505  32.279236] car	[579.40076  961.67413   19.678406  40.186584] van	[550.95026  841.0698    25.510254  81.67078 ] truck	
[582.05725  966.29565   15.187012  30.663147] car	[585.08246  801.05066   15.714966  27.197388] car	
[580.76715  972.0376    16.892395  33.759644] van	[654.9556   690.79675   15.255737  30.963501] car	

[578.87463  979.7589    22.732483  54.510864] truck	
[555.53125  910.4411    23.21106   84.422424] truck	[580.878    986.94775   18.733215  32.654358] van	
[584.82385  987.9709    16.641968  30.77826 ] car	
[585.62744  991.35266   17.28418   30.586487] car	[559.2482   938.6838    25.468506  83.4729  ] truck	
[587.36755  993.022     17.688477  32.874268] van	
[561.58746  966.40643   24.74823   80.960754] truck	[580.13354  990.4775    24.515808  70.85956 ] truck	
[580.43494  997.033     23.604797  56.75592 ] truck	[703.69     338.38876   21.471375  31.95813 ] car	[560.4738   980.19086   24.984924  84.61908 ] truck	
[586.267    998.94684   17.483337  31.17865 ] car	
[563.04596  998.5865    25.855469  84.446594] truck	[639.4866   215.95645   17.612366  29.556961] car	
[ 559.7978   1009.1566     27.221558   78.309326] truck	[581.8273   999.8003    23.617798  75.018555] truck	[637.5244  233.95314  20.00122  26.25679] car	
[ 564.6728   1026.143      24.249939   91.779785] truck	[ 586.53394  1002.7383     17.111267   29.45642 ] car	
[ 587.9974   1004.8616     14.166687   29.467285] car	[652.8313   558.6719    25.30896   63.263367] truck	[ 566.335    1039.684      23.209534   83.49158 ] truck	
[ 586.77435  1003.5554     16.243835   31.125732] car	
[ 564.2509   1073.7126     24.718689   78.28735 ] truck	[634.8196   341.40408   21.119507  29.31308 ] car	[ 586.595    1005.18024    16.70996    28.859436] car	[ 585.6609   1006.30457    16.382996   33.826294] van	
[ 562.88403  1089.5157     26.080078   60.897583] truck	[639.7024   358.61566   18.81482   26.960205] car	[ 584.76794  1006.5273     17.542114   27.964294] car	
[ 585.41516  1007.7444     16.690857   28.735474] car	
[ 583.2798   1007.7346     15.358459   33.618896] car	
[ 583.4591   1007.58844    17.468384   29.200378] car	
[535.1346     0.        21.502502  20.573116] van	[ 581.1022   1008.13495    15.199341   32.176086] car	
[ 579.13947  1007.28265    18.209106   30.038269] car	[536.229       3.7046463  20.771667   27.718872 ] van	
[537.1519    16.922384  19.003967  29.732962] van	
[ 586.0011   1009.11566    15.942139   29.633118] car	
[536.42126   46.225075  23.48877   30.657272] van	
[537.98157   48.79256   23.553833  34.610287] van	

[ 582.01245  1002.144      13.36499    27.464172] car	
[ 580.2155   1000.28766    14.996521   30.753479] car	
[581.28516  996.7736    15.414978  28.491638] car	

[579.6328   988.1121    17.503845  24.874329] car	



[584.5806   602.606     14.389954  29.107056] car	[585.5253   787.7384    14.896545  26.726318] car	

[581.6984   950.94977   16.389832  29.404175] car	
[581.18365  944.74884   14.999756  29.109558] car	
[578.66394  936.5351    17.680603  29.240173] car	
[582.575    931.70404   15.090515  29.386597] car	
[580.1337   922.3861    17.141785  27.091248] car	
[ 567.83954  1032.4313     25.892273  119.568726] truck	[577.5306   915.38403   21.207947  71.881714] truck	
[ 570.4371   1038.891      23.945618  113.10901 ] truck	[580.56995  904.8429    19.12561   35.746704] van	
[ 569.16394  1045.8505     26.055359  106.149536] truck	[581.4006   898.3356    17.980103  30.04419 ] car	
[576.2843   890.3107    19.310547  25.037354] car	[566.97614  871.7037    18.634827  35.408447] van	
[568.10455  879.5232    22.628418  33.959717] van	

[577.18805 863.3268   18.34021  33.3974 ] car	[596.09424  673.609     15.522522  27.279053] car	[570.3277   716.03973   15.759766  27.681213] car	
[578.12506  856.26556   16.363708  30.661682] car	
[578.66876  848.63446   17.4693    31.010803] car	[542.76166  265.6327    14.859619  31.899994] car	
[ 569.0934   1091.7296     27.040894   60.270386] truck	[579.6841   841.80334   17.631836  33.317932] van	
[576.9314   837.4678    17.937317  27.420288] car	
[579.3477   831.70514   17.539307  29.758362] car	
[576.73096  825.10986   16.861755  28.588501] car	
[577.5711  819.1072   17.73468  27.7052 ] car	[593.73816  839.4662    16.955872  27.391602] car	
[577.33325  816.97504   18.206238  29.623352] car	
[576.7176   811.97205   18.487305  31.272339] car	
[575.9766   810.4632    16.861023  31.635193] car	
[576.3276   808.07196   16.504395  30.412292] car	
[576.33545  808.6518    16.599487  32.319336] car	[588.43176  617.5613    15.244629  30.16455 ] car	
[574.68146  808.10223   17.180298  28.950073] car	
[573.24054  806.01514   15.876099  34.664062] car	
[574.19763  813.25024   15.263306  32.26709 ] car	
[574.19763  813.25024   15.263306  32.26709 ] car	
[573.41797  816.0805    15.28302   32.368713] car	[ 788.1556  1034.4313    71.60065   67.12793] bus	
[573.41797  816.0805    15.28302   32.368713] car	[ 788.1556  1034.4313    71.60065   67.12793] bus	
[575.5046   818.4614    14.273865  29.530579] car	[ 551.9098   1057.978      29.604736   71.25549 ] truck	
[572.7618   825.03595   15.454346  28.753906] car	
[572.76807  827.9338    16.433533  30.532837] car	[ 552.50964  1077.6298     29.441895   70.0741  ] truck	
[573.8695   833.32263   16.288452  30.176514] car	
[578.08777   835.59784    15.8897705  29.962769 ] car	

[579.2025   839.03564   18.317505  31.704468] car	
[584.23047  839.71075   15.515564  30.84906 ] car	
[588.89154  840.33563   16.6474    31.569641] car	
[571.7653  185.9199   17.44989  31.06578] car	[595.80646 386.6507   27.04004  71.92169] truck	[552.3442   204.7702    18.507141  25.847443] car	
