[537.0505   809.7122    24.545837  29.197266] car	[625.98303  993.1368    25.860413  35.560852] car	[599.7189   145.31572   31.321411  76.38957 ] bus	[605.65     969.9357    22.506348  31.022095] car	[598.2976   145.34995   33.810913  78.04314 ] truck	
[608.9339   964.2627    19.62024   30.980225] car	[577.5251   180.8969    16.530945  30.188507] car	[ 659.3527   1070.145      23.566833   35.76233 ] car	
[ 637.7051   1058.0442     24.206482   34.152832] car	[598.2871   176.71423   26.663208  81.19516 ] bus	[597.4601   173.55965   27.497864  85.99452 ] truck	
[606.5525   956.534     22.653809  28.27356 ] car	[594.7334   200.70685   29.205627  69.98541 ] bus	[ 646.3496   1096.0043     18.66858    34.264526] car	[593.5932   196.93202   28.666016  74.265305] truck	
[593.78345 215.45255  28.54071  69.34802] bus	[578.4659   274.5495    17.550781  27.856476] car	[603.4657  952.7409   23.6651   27.60608] car	[590.73126  604.2926    15.632629  32.55902 ] car	
[579.6645   300.3363    20.104004  31.446106] car	[593.2614   228.96948   29.911072  69.96704 ] bus	[602.6112   951.62866   21.649414  27.084045] car	
[577.2297   333.29517   22.086243  28.972443] car	[605.8961   943.16437   22.367981  30.14386 ] car	[593.71814  241.87003   28.572754  71.97461 ] bus	[521.6001   565.66565   18.655579  36.80945 ] van	[590.1019   604.2911    17.680908  26.19513 ] car	[ 625.0307   1060.3658     19.62323    29.710693] car	[532.5096   409.7313    29.662842  56.722412] bus	
[577.6201   362.8386    21.475647  29.20401 ] car	[593.4537   257.33768   26.879822  72.040344] bus	[605.1983   939.1204    19.720093  28.965027] car	[541.20526  624.9776    19.253479  35.596558] van	[529.0637   423.01266   25.116272  61.952454] bus	[566.7428   497.81448   14.682434  29.486359] car	
[578.5708   393.76187   19.59552   29.524414] car	[593.4393   271.06488   26.579712  72.63574 ] bus	[604.6957   935.2528    20.363586  29.027283] car	[544.00104 636.30164  17.97052  35.27771] van	[570.8317     0.        31.097412  62.87833 ] truck	
[578.08453  422.4809    19.702148  30.963074] car	[590.9645   282.23914   27.436707  76.94577 ] bus	[603.0722   930.0387    20.174072  30.074036] car	[522.8868   574.2179    15.327209  26.751709] car	[589.21936 289.3312   27.5448   67.63721] truck	[588.8268   319.1004    25.820068  38.053223] van	
[579.7678   454.4037    19.63385   29.980011] car	[590.23096  294.4826    26.214905  77.254974] bus	[604.2055   926.2748    18.853882  29.32611 ] car	[564.5191    19.20315   27.183533  83.33966 ] truck	[529.26025 466.02853  27.48877  81.36136] truck	
[581.3653   482.01074   17.469788  33.005493] car	[588.07434  312.06195   27.930359  73.624176] bus	[600.3081   920.0385    21.040833  27.376465] car	[ 621.7064   1033.6487     20.703064   26.777588] car	[560.4833    34.66574   26.802246  83.35325 ] truck	[587.8605   312.04852   26.869934  70.83209 ] truck	
[587.99927  325.78494   26.841553  71.59851 ] bus	[581.82733  513.6044    16.378296  30.749817] car	[ 622.79816  1033.272      19.612183   32.408447] car	[559.41425   46.982006  26.243347  85.70924 ] truck	[614.8823   911.03674   24.450867  26.972229] car	[597.98035  913.85767   23.829468  27.511353] car	
[601.41656  909.61194   22.586792  32.443237] car	[ 625.49994  1030.0707     17.89795    31.188843] car	[585.129    542.0243    17.934265  29.939941] car	[586.9335  338.9818   26.26654  70.83826] bus	[558.91907   63.60985   20.608826  82.83855 ] truck	
[599.56036  906.2076    20.663513  28.224487] car	[ 625.15643  1025.3932     18.08789    33.465942] car	[585.8654   350.80615   28.302795  77.18692 ] bus	[ 620.446    1122.3846     15.580994   29.615356] car	[586.0396   347.07883   42.658386  77.4639  ] truck	[555.515     77.88688   24.019775  81.014   ] truck	
[588.61383 231.82802  24.50238  30.571  ] car	[ 622.56433  1018.44806    21.99292    29.601013] car	[599.73615  901.2415    19.454163  31.983215] car	[584.5969   363.7382    27.164062  72.424774] bus	[582.88904  360.223     29.804443  76.3237  ] truck	
