[603.5340471042896 149.7590074419735 26.620884098218767 73.56976270380676] bus	[589.6227530927415 157.1834647333941 17.165600930468827 28.77653441888043] car	
[599.230553356676 171.023329489005 26.620884098218767 73.56976270380676] bus	[582.2814990526947 185.5358941294362 17.165600930468827 28.77653441888043] car	
[599.4837000477121 182.161783894593 26.620884098218767 73.56976270380676] bus	[580.0031788333697 212.36944337926184 17.165600930468827 28.77653441888043] car	
[597.1522003886198 199.48759358966615 26.620884098218767 70.92539119472244] bus	[579.2437387602614 243.50648637670093 17.165600930468827 28.77653441888043] car	
[596.3927603155116 214.17010166975933 26.620884098218767 70.92539119472244] bus	[581.5220589795863 272.8715025368875 17.165600930468827 28.77653441888043] car	
[595.3801735513673 228.0931696767443 26.620884098218767 70.92539119472244] bus	[580.0031788333697 302.23651869707396 17.165600930468827 28.77653441888043] car	
[593.9441936106439 241.73689768261033 26.620884098218767 73.09705768274353] bus	[580.0031788333697 333.70265239286005 17.165600930468827 28.77653441888043] car	
[594.19734030168 255.4068189985593 26.620884098218767 73.09705768274353] bus	[578.9905920692254 364.0802553171909 17.165600930468827 28.77653441888043] car	
[594.8099552939874 269.1906563254744 26.620884098218767 73.09705768274353] bus	[579.9095145576864 394.40469743640426 17.165600930468827 28.77653441888043] car	
[592.0531878286047 284.8123386293115 26.620884098218767 73.09705768274353] bus	[580.2158220538402 425.34175454792484 17.165600930468827 28.77653441888043] car	
[590.8301019964631 295.4124158412055 26.620884098218767 73.09705768274353] bus	[581.8466031633623 454.69581451932333 17.165600930468827 28.77653441888043] car	[596.4854897856212 169.17679011583908 24.273566635293946 17.81974856055001] car	
[588.1103441588854 311.94017500802454 26.620884098218767 73.09705768274353] bus	[583.101876011475 487.33290857025736 17.165600930468827 28.77653441888043] car	[594.3933683720996 184.44927643454537 24.273566635293946 17.81974856055001] car	
[587.2734955934768 324.70211563050515 26.620884098218767 73.09705768274353] bus	[583.5203002941794 517.0410326422614 17.165600930468827 28.77653441888043] car	[591.6736105345217 199.30333847054737 24.273566635293946 17.81974856055001] car	
[587.2729581645501 337.28155719388275 27.94920410174609 73.09705768274353] bus	[586.7535788423488 542.7170681718424 17.165600930468827 28.77653441888043] car	[591.9520718946613 214.8971746383706 24.273566635293946 17.81974856055001] car	
[586.437574084131 350.64770248058835 27.94920410174609 73.09705768274353] bus	[588.610535572985 231.04793352647317 24.273566635293946 17.81974856055001] car	
[584.9550458027473 366.21424943511795 27.94920410174609 73.09705768274353] bus	[589.1681006100694 236.47355702509617 24.273566635293946 26.852645982471813] car	
