[586.3685   532.9838    16.807495  28.856812] car	[584.5886   612.9791    14.107056  25.197205] car	
[586.3685   532.9838    16.807495  28.856812] car	[584.5886   612.9791    14.107056  25.197205] car	
[578.8674   653.6925    15.178162  29.35492 ] car	[588.163    569.23065   16.063354  28.373962] car	
[ 633.10394  1116.7753     23.17096    26.494385] car	


[561.69476  783.556     59.853943  66.46625 ] truck	
[ 718.68286  1070.2423     29.052917   33.457764] car	
[647.08923  786.45325   53.079834  68.770386] bus	
[648.8692  796.8203   65.95172  64.14203] bus	[532.6404   256.56372   32.937256  31.97171 ] car	
[646.9133   807.2436    53.083374  69.74933 ] bus	

[602.88074 892.6494   54.71875  76.43915] truck	[600.46295 892.9842   55.11786  82.84131] bus	
[598.1602  905.1755   59.40686  85.21222] bus	[541.1272   304.8579    24.714539  30.618805] car	[600.62775  901.4513    58.190796  87.375244] truck	[537.95825  304.20648   35.947754  33.369415] van	
[543.33264  316.2677    23.433044  31.374817] car	[635.69977 858.2573   60.82306  75.12683] bus	[586.76013  686.43854   14.09375   28.758728] car	[589.8939   573.6838    15.465698  28.302246] car	
[636.5841   868.5658    59.819336  75.30591 ] bus	[525.8526   382.35562   19.460693  28.406342] car	
[532.6669   393.81116   20.269348  27.017822] car	[561.41876  727.35693   33.569885  67.31293 ] truck	[589.2508   582.1377    16.88684   31.204712] car	[589.77014  707.5417    15.396301  29.452454] car	[574.35144  728.1848    19.429138  31.200134] car	[572.9997    517.5107     14.2925415  26.214478 ] car	
[595.47015  424.94986   16.847534  28.610962] car	[589.5722   719.4652    11.700378  22.078918] car	[587.42474  544.2089    14.10907   26.283875] car	
[593.5576   445.1463    16.26117   30.147614] car	[587.7226   539.12103   14.681824  24.411682] car	[571.7324   734.7349    18.979553  26.314575] car	
[593.55536  466.08936   14.77301   29.734894] car	[574.06555  737.8469    18.548279  29.091248] car	[592.96466   737.85876    12.6310425  22.857727 ] car	
[591.6466   484.01273   15.805237  31.2211  ] car	
[590.26105  506.69083   16.254578  30.488678] car	
[587.5136   524.1465    16.013672  30.610535] car	
[596.7267   609.62463   14.020935  25.751282] car	[513.60474  565.7162    19.751099  34.265076] van	
[595.97614  612.3081    14.923523  28.8891  ] car	[590.0017   567.5793    16.072815  30.808594] car	[667.0929   953.77875   59.247803  79.95624 ] bus	
[672.8492   961.49365   55.724487  79.99353 ] bus	[590.7964   568.58453   14.435547  28.733704] car	
[581.6506   733.49457   17.933167  27.712463] car	[592.02905  582.2201    13.661804  27.865906] car	[597.33954  687.49036   14.848999  26.194397] car	
[678.72595  975.79504   55.029114  69.9281  ] bus	[585.7592   543.9069    16.258362  27.541626] car	[591.23865  583.4693    14.885132  27.26654 ] car	[584.8274   525.297     14.639587  27.491516] car	
[680.8411   976.49493   55.73474   77.675476] bus	[583.01526  730.78705   19.30243   30.626282] car	
[596.04333  657.4267    17.585938  31.32666 ] car	

[604.57074  691.4534    16.124939  29.380066] car	[592.5552   546.5599    15.896057  24.828308] car	[695.66187 993.52014  49.44464  73.72412] bus	
[604.368    707.23      15.856567  28.298767] car	[593.2663   611.6383    14.784424  29.923218] car	[593.08704  541.79974   15.070984  24.135193] car	
[609.22845  721.85706   14.697449  30.382935] car	[592.6613   612.5013    15.361023  28.411926] car	
[614.6645   739.71185   17.002136  28.954895] car	[591.36957  559.1602    15.505066  24.283508] car	
[620.2037   757.0984    19.305542  25.980103] car	[591.6533   569.90704   16.802124  27.740662] car	[595.0991   749.7041    29.266357  38.289   ] car	[590.5388   551.5933    15.306641  25.670471] car	
[622.6801   775.4802    18.418762  29.288452] car	[624.9113    58.238354  35.75403   36.063732] van	[587.78534  550.97363   16.084595  24.822327] car	[589.82544  567.1816    17.225708  27.227661] car	
[632.89594  792.9917    20.068604  25.518188] car	[659.389    795.71655   24.557373  26.14624 ] car	
[640.2434   810.1672    20.584229  29.419983] car	
[651.60583  828.0562    20.779724  27.302124] car	[564.6109   411.1271    19.653992  31.508331] car	
[659.2522   844.4665    23.229492  27.035889] car	[592.3216   614.52014   16.122803  27.77655 ] car	
[555.55383  634.62103   19.010132  31.07721 ] van	[589.66144  609.2578    17.839417  27.674011] car	
[681.8352   878.6985    24.094604  28.992004] car	[618.3448    90.79176   23.796936  29.669563] car	[590.66626  602.89703   15.364258  25.942505] car	
[581.32605  611.92346   15.368408  26.531128] car	
[590.5668   613.9891    14.825806  26.177185] car	
[708.63495  927.6013    28.379578  31.031372] car	[639.55444  911.8544    81.094055  74.72705 ] bus	
[566.7037   748.9809    43.582947  60.89679 ] truck	
[568.3291   757.5882    44.053528  69.4447  ] truck	[662.56775  943.75543   64.614136  81.10101 ] bus	
[571.52905 761.83466  41.19928  65.72742] truck	[583.10986  146.70717   19.858948  34.478455] car	[589.177    584.79175   16.121582  27.223145] car	
[575.9405   158.0056    18.857117  33.270752] car	
[569.4993   169.33499   20.151184  31.597824] car	[573.6527   776.90967   43.061646  59.39557 ] truck	
[573.0213   179.29788   18.086853  33.07762 ] car	
[575.26447  186.49      16.671997  35.02028 ] car	[630.897    901.1659    24.311584  28.445435] van	
[572.3854   195.71936   18.066345  35.277847] car	[566.49023  797.9292    52.753662  64.9978  ] truck	[660.63007 986.6602   74.38092  77.75836] bus	
[565.1254   213.48277   21.659668  33.27791 ] car	
[568.0612   222.42477   19.597961  30.337112] car	
[566.1822   816.92267   55.396484  64.77716 ] truck	[566.14343  231.90987   17.972778  33.253555] car	[632.0839   926.7836    28.469727  37.184814] van	
[573.307    827.0725    49.195007  58.429688] truck	

[576.31586  779.17566   16.753113  29.216736] car	[557.1528   264.42923   21.195618  29.640015] car	
[575.3348   786.6003    17.74414   26.773254] car	[560.1746   271.33182   17.91034   30.964966] car	
[590.29504  582.06195   14.166565  24.73999 ] car	[576.0343   793.3688    15.170166  25.43097 ] car	[558.05115   300.38156    14.109192   10.0876465] group_of_pedestrians	
[575.2883  864.23425  53.66223  73.85681] truck	[598.03656  603.28894   14.018127  26.18164 ] car	
[591.734     592.0924     14.6119995  25.295532 ] car	
[586.9202   550.54346   15.969299  26.981018] car	[550.87885  334.2414    15.97467    9.532135] group_of_pedestrians	[590.7643   609.66785   14.874878  26.507751] car	
[536.98615  296.49338   23.470093  23.448181] car	

[592.1807   619.17896   14.765747  31.444275] car	[563.0419   209.83504   24.147339  29.110382] car	
[545.6489   381.34528   15.770386   8.980316] group_of_pedestrians	

[544.9258   408.5211    14.239746   9.100464] group_of_pedestrians	
[544.7293  420.34186  15.56427   9.48877] group_of_pedestrians	
[544.717    431.2624    13.893066  10.166046] group_of_pedestrians	[590.0792   564.8002    16.213867  28.383118] car	[594.92676  646.2474    16.418823  27.340637] car	
[590.09595  573.7228    16.330505  26.4469  ] car	
[545.18054   460.14404    13.8029175   9.430756 ] group_of_pedestrians	



[545.17096  505.1829    13.481628  10.299835] group_of_pedestrians	
[598.3717   604.7782    14.627197  31.324585] car	
[541.40765  514.3215    18.351196  27.151794] car	



[628.2902  205.9179   65.48999  82.56026] truck	
[634.003    221.7329    61.376648  81.83357 ] truck	
[635.3866  236.99954  71.34119  68.03784] truck	
[653.41254  309.3262    33.755127  25.881287] car	

[688.88696  387.8771    40.17932   43.254425] car	[660.2775   333.57025   35.236816  30.557068] car	
[662.6049   351.86523   38.17639   27.510498] car	[591.96674  469.33862   26.04309   30.201263] car	[363.94006   51.991196  31.14212   30.203506] car	
[381.76974   63.475002  32.1445    38.338955] car	[668.93414  366.45874   34.78418   29.019897] car	[545.146    670.5068    17.41858   28.660767] car	[542.395    519.73553   20.946838  31.651978] car	
[394.61816   78.001305  37.519012  39.926163] car	[341.65063   62.245296  36.299927  39.391544] car	
[415.86096   95.09453   31.001312  35.29268 ] car	[386.19604   34.058273  32.59247   33.881042] car	[551.10315  697.0659    13.629578  31.082886] car	
[402.5977    52.516804  32.750275  34.16289 ] car	[430.40662  111.62378   29.534485  35.35605 ] car	
[423.32526   70.02109   30.106842  32.926918] car	[444.55194  121.751274  31.078308  40.543755] car	
[462.42636  145.71008   29.591095  34.375534] car	[443.05627   88.13415   28.735138  28.421722] car	
[463.8483   104.65718   27.4281    28.394455] car	[479.37756  162.27956   28.737488  34.354034] car	
[492.2984   179.26398   28.10968   34.785675] car	[477.4383   118.22552   29.14981   32.842033] car	[460.2555   917.5874    27.052551  33.928772] car	
[507.91956  199.05887   26.622498  33.182495] car	[494.17072 134.0569   25.42212  33.58731] car	
[524.92615  216.56998   25.284973  31.319916] car	[510.0458   151.36955   25.831573  29.786163] car	[562.5561   653.3248    14.394714  26.763489] car	[599.1775   594.9894    18.20691   27.032349] car	
[535.3653   237.17722   27.256714  29.909668] car	[522.7816   170.43843   24.164734  29.380478] car	
[545.5347   254.37773   25.290894  32.218216] car	[534.07745  185.78105   25.264893  29.111313] car	
[545.48706  202.95181   24.595703  29.260284] car	[553.31305  274.15942   25.536987  29.982819] car	
[557.73285  219.12418   22.32312   29.569305] car	[560.2429  291.4428   22.66333  30.32666] car	
[571.1263   291.85645   18.22461   29.192444] car	[562.7931   237.35065   20.098572  26.815765] car	[633.0211   520.20245   31.460938  99.860596] bus	
[574.87225  305.72205   19.146729  34.16928 ] car	[571.23505  235.53407   20.192566  29.88832 ] car	[590.04     123.16583   16.333496  29.52388 ] car	
[574.56146  253.00352   20.550781  28.299149] car	[578.9413   327.15656   19.452026  30.864685] car	
[581.7669   349.22748   22.610657  28.6586  ] car	[578.1448   273.65256   20.996887  25.983215] car	
[583.1716   365.19977   22.871887  30.15738 ] car	[580.5968   286.6357    20.325134  29.918976] car	
[585.55804 381.19717  20.04541  29.74826] car	[581.1942   302.97556   22.983032  31.566101] car	
[585.1437   397.34695   19.854675  30.914886] car	[583.619    323.0336    20.398926  29.32663 ] car	
[585.2536   417.21307   19.500366  30.951385] car	[584.5217   340.88977   19.574036  30.357666] car	
[585.6632   432.99902   19.737183  33.36328 ] car	[583.2478   360.03445   21.478027  30.54544 ] car	
[583.9755   379.1875    20.55957   30.506744] car	[586.78625  457.72055   18.633728  26.51529 ] car	[637.04083  602.9299    32.286133  88.08923 ] bus	
[587.4175   476.56662   16.829285  26.972504] car	[583.27014  398.93552   18.814697  30.104828] car	
[582.898    419.29974   20.099243  31.106934] car	[585.8347   494.06403   17.296814  29.044617] car	[654.88947  735.1868    29.613342  28.916382] car	
[584.5024   440.76898   19.106445  29.232971] car	[584.9134   508.46262   15.241577  31.83725 ] car	[638.86884  628.47046   28.982239  95.44458 ] bus	
[583.9837   460.51727   17.428528  29.638733] car	[585.4662   529.4362    15.867371  26.996826] car	
[582.5188   480.68716   17.9151    29.930878] car	[589.0919   551.5855    15.324463  24.870667] car	[586.5056   536.517     13.966431  23.247559] car	
[585.0645   502.04498   17.432373  29.642883] car	
[583.7167   523.98016   16.140686  29.836487] car	[605.21484  611.08124   17.197876  26.316528] car	[590.05396  569.6295    15.946106  28.830933] car	
[586.955    548.01514   14.479919  20.322083] car	[591.3185   584.7674    14.623413  26.422058] car	
[590.76953  568.7597    14.854004  29.493408] car	[590.11163  600.33954   14.733032  25.790588] car	
[590.5202   619.28314   14.503113  26.78656 ] car	[591.28345  588.71716   15.477966  28.470459] car	[593.94366  671.10114   15.703247  25.56549 ] car	
[592.891    692.104     14.065369  27.237549] car	[596.0752   628.81665   15.207886  30.915527] car	[591.2606   545.6313    14.48407   29.413208] car	
[589.946    652.409     15.367737  30.443237] car	[593.5849   714.11163   15.558533  26.929382] car	
[590.6647  671.7402   15.33197  28.78418] car	[593.40753  735.0774    15.519592  26.779785] car	
[589.9013   692.87213   15.593323  28.112427] car	[592.52234  759.09546   14.5354    27.724915] car	
[590.72626  713.4502    15.517639  25.102661] car	[559.2141     3.959459  21.566406  28.456919] car	[592.315    780.44604   15.55365   27.249573] car	[573.1119      0.         24.791382    7.7401557] car	
[572.265       3.7225704  20.91156    27.942781 ] car	[590.17554  734.05304   14.870422  28.150513] car	[562.75024   24.668598  15.149109  30.432575] car	[592.2766   571.4396    14.359558  28.25586 ] car	[591.1201   803.52295   15.340088  25.093079] car	
[589.8108   755.101     15.431946  28.008606] car	[574.1634    22.931599  16.298096  32.29246 ] car	[563.9651    46.62776   14.972412  31.17865 ] car	
[592.09656  774.78436   15.092468  28.491516] car	[574.5531    47.73695   18.889221  30.048641] car	[560.944     68.97226   19.90149   29.376076] car	
[574.2425    68.57974   18.08667   29.784912] car	[591.601    794.3216    17.179993  29.62561 ] car	[562.4731    81.955605  15.62561   36.037796] car	[550.9281    353.83926    10.000671   11.9947815] bicycle	[ 666.82965  1072.2773     30.497375   41.318115] car	
[572.79956   84.21286   18.566528  35.866867] car	[593.5693   815.1129    15.30481   27.907532] car	[560.95416  107.80023   19.99768   30.371292] car	[610.0628   676.0993    14.203369  30.230469] car	
[592.44385  834.08453   16.317993  30.521606] car	[571.1081   109.16941   21.273682  31.797096] car	[561.9466   127.52954   17.505005  30.880005] car	
[595.79175  851.7058    14.485413  28.103577] car	[563.03973  142.96036   16.408997  32.781662] car	[573.5166   125.407     16.963867  29.901932] car	[590.1179   583.36383   15.263184  30.3042  ] car	
[569.36066  143.1969    19.656067  33.566574] car	[561.36127  160.93452   18.8172    33.837982] car	[595.90845  939.2105    16.63855   26.117065] car	
[572.72217  162.695     16.399292  31.200989] car	[559.73004  177.78993   16.534973  33.334183] car	[594.9861   885.25824   16.789673  29.630554] car	[592.0833   576.7672    15.962524  30.488464] car	[613.965    713.04535   14.341919  27.616882] car	
[569.0515   195.20697   18.72882   32.091156] car	[602.28156  919.0911    14.661743  29.84729 ] car	[610.76605  727.0912    18.138855  26.212463] car	[561.9723   208.91254   16.667908  34.346863] car	
[570.3665   212.05135   22.738586  32.192673] car	[596.04565  934.80994   16.916382  29.175415] car	[575.2225    58.734703  24.897705  37.690025] van	
[570.3665   212.05135   22.738586  32.192673] car	[596.04565  934.80994   16.916382  29.175415] car	[575.2225    58.734703  24.897705  37.690025] van	
[572.1152   227.37035   18.979614  31.693466] car	[591.9273   953.12885   14.884949  28.625305] car	
[572.98114  246.62067   18.626953  29.993866] car	[591.7764   968.20526   19.256287  28.054016] car	
[573.30286  261.4921    22.081177  30.17868 ] car	
[576.8631   273.5407    21.123474  32.337982] car	[592.5026   685.6633    12.819031  29.319763] car	[585.69885  562.8979    17.175049  28.338501] car	
[580.36456  305.11765   23.463623  31.398132] car	
[581.14154  320.65045   22.128479  31.596039] car	[609.2129   782.27985   13.477844  26.04181 ] car	
[578.6317  336.42807  20.73938  32.36682] car	
[581.6772   354.17538   21.016785  31.440796] car	
[582.3418   369.79385   20.32312   31.381165] car	[608.7457   806.33527   13.959595  27.029846] car	
[583.8218   388.63794   17.574768  32.04483 ] car	[592.1597   587.3118    11.663147  22.231506] car	
[582.58264 405.0307   19.22345  35.73044] car	
[583.0257   429.56662   17.425964  31.90625 ] car	
[582.8905   447.04425   18.039124  33.77243 ] car	
[582.79114  470.8444    17.823486  33.250244] car	[547.0458   583.4131     4.614685   5.048767] pedestrian	
[583.07983  492.61002   16.662598  31.053009] car	
[584.32513  517.52625   18.467651  32.33795 ] car	
[583.2546   521.2366    15.80304   31.775024] car	
[614.8186   681.1026    17.525757  27.068848] car	
[617.25305  921.0252    15.917053  24.932983] car	
[555.4888      8.7304535  23.158142   24.48172  ] car	[590.0583   591.6941    15.061035  29.931213] car	
[559.1948    28.6543    18.4859    29.772064] car	[574.547       4.6205506  17.619934   28.434732 ] car	[613.0406   718.7775    14.921997  31.850464] car	[615.20544  950.3       17.009277  24.994385] car	[584.49817  648.17645   15.421387  29.658691] car	
[559.1948    28.6543    18.4859    29.772064] car	[574.547       4.6205506  17.619934   28.434732 ] car	[613.0406   718.7775    14.921997  31.850464] car	[615.20544  950.3       17.009277  24.994385] car	[584.49817  648.17645   15.421387  29.658691] car	
[559.78326   51.306114  17.083252  30.604103] car	[573.70416   25.157364  16.459167  31.459454] car	
[562.3624    74.6069    15.660278  29.370613] car	[591.6957  689.7911   16.27539  32.21173] car	[574.42584    47.581898   15.9436035  33.069828 ] car	[614.94385  741.60803   13.518372  28.595764] car	[547.7922   426.0547    19.274048  34.620575] car	
[569.579     75.1115    17.57312   28.097328] car	[560.34296   97.08534   19.516663  29.76928 ] car	[612.8508   752.58276   16.4198    30.773682] car	
[592.42175  731.51556   15.369263  31.217346] car	[574.4343    94.37182   15.71283   31.162674] car	[564.21246  117.239525  14.767822  29.054024] car	[619.11395  996.27686   15.297913  27.110168] car	[612.52454  763.4158    16.092224  26.089294] car	
[592.0255   749.89087   16.217773  32.748535] car	[571.21326  117.463684  17.956848  30.458801] car	[563.9599   135.49902   18.664917  29.686157] car	
[611.494    789.1149    16.108887  29.39148 ] car	[589.7366   789.314     13.870483  31.019897] car	[573.2589   151.18205   19.954956  34.66565 ] car	[ 613.5609   1022.6257     15.439148   24.119446] car	
[575.61676  169.36177   17.385376  33.440094] car	[592.5293   806.24915   15.399475  28.630188] car	[611.1292  796.2988   16.66565  25.138  ] car	[590.5241   599.26605   15.952393  31.235657] car	[606.3189   598.53326   17.274902  27.746521] car	
[575.2243   186.32092   16.876465  32.48947 ] car	[591.29926  824.05566   14.991699  27.475708] car	[592.8716   567.8871    16.629822  32.376343] car	
[574.4969   202.13618   17.955688  33.280136] car	[591.737    838.1607    15.563538  31.2724  ] car	
[574.7838   216.62112   18.034363  32.496643] car	[589.9222    627.86816    15.6605835  30.5531   ] car	[590.80646  857.7055    15.52301   32.700745] car	
[576.1844   234.66853   18.371033  30.694046] car	[589.87024  875.04944   15.492493  30.396484] car	[609.97284  822.9556    15.840088  31.25708 ] car	
[577.48944  247.55177   18.114746  32.931656] car	[592.43494  890.4416    13.88446   30.700012] car	[609.03546  830.1359    14.477539  28.373596] car	[607.2925   636.56573   17.984253  29.55951 ] car	
[578.7177   263.44376   18.460388  32.362976] car	[587.8384   905.96344   17.596375  29.253479] car	
[581.1524  275.8427   18.36322  34.40445] car	[589.81384  924.4773    13.666138  30.507019] car	
[578.4517   297.60577   22.688171  28.932495] car	[589.8367   941.9265    16.027771  30.228577] car	
[578.92456  311.92896   21.667542  30.736908] car	[589.44366  959.9871    15.21344   29.089539] car	[608.013    859.7193    17.170593  24.022644] car	
[588.8658   979.442     15.154724  30.351074] car	[592.1836    64.174355  21.411499  28.478157] car	[580.16534  327.6113    21.317871  31.984161] car	
[579.8491   347.51038   20.76941   29.357697] car	[589.9903   999.1156    15.351196  30.535156] car	
[ 593.87976  1020.7166     13.032593   28.65033 ] car	[611.26294  889.932     15.031921  29.635803] car	[579.4742   363.0316    22.441467  30.50058 ] car	
[580.31323  377.52594   17.733215  33.148468] car	[ 595.2247   1040.979      17.345215   31.572266] car	
[579.90924  398.71808   17.805115  30.782806] car	[ 597.9345   1063.4366     15.193726   29.01184 ] car	
[579.9285   420.07986   18.899109  30.253967] car	[ 596.2315   1085.1598     15.470032   28.622192] car	
[580.6341   442.7349    20.400452  28.429443] car	[ 595.64056  1108.318      16.431274   28.505981] car	
[581.35614  460.38205   18.632812  30.344421] car	
[583.4443   483.0575    18.104065  29.10675 ] car	
[581.9874   501.71698   17.490356  29.949707] car	
[585.2226   524.6866    15.783997  27.562378] car	
[584.83124  534.4802    16.630371  28.679321] car	

[597.56854  586.7244    16.516296  33.42816 ] van	
[552.15344  583.90985   13.319275  23.923462] van	[ 619.8137   1018.2637     16.619873   25.675781] car	
[586.10333  627.1204    12.770813  27.728088] car	[622.8253   382.3841    30.492798  17.47284 ] car	
[589.178    667.03143   14.182983  26.252563] car	[ 616.29205  1037.3165     17.193604   27.346558] car	[618.54803  392.54858   31.972107  20.07309 ] car	
[590.2212   685.0652    15.961975  29.593445] car	[614.7659   402.14215   27.472229  26.377472] car	
[588.88275  705.1185    14.367004  25.177673] car	[616.3508   414.4341    32.937744  20.51596 ] car	[561.3796   638.1708    15.330383  27.89746 ] van	
[591.2625  724.6043   15.17926  25.87854] car	[593.6096   590.2259    15.670166  26.141296] car	[609.30634  424.44214   31.26941   26.742828] car	[591.7269   574.9757    17.897766  24.030151] car	
[590.2402   743.41003   16.141357  25.477722] car	[548.7802   376.75934   17.269653  29.968597] car	
[590.5789   761.65295   15.340454  25.41449 ] car	[601.1728   445.78098   36.007812  30.525116] car	[548.4678   385.10953   18.0719    30.732971] car	
[591.55505  779.1431    14.468018  26.880127] car	[549.4912   392.09424   17.389221  29.838074] car	[598.0537   459.427     30.931946  28.954956] car	
[592.2586   797.2267    13.515442  27.26477 ] car	[596.7292   467.78784   30.40924   32.442993] car	[ 614.4077   1101.1362     16.240479   24.283325] car	
[595.2857   482.11142   24.231995  29.013397] car	[591.5824   812.8844    13.28717   30.575256] car	[346.609    388.87912   31.310577  39.1203  ] car	
[591.5793   493.64496   21.252258  29.81549 ] car	[591.85944  830.92053   13.657776  26.712952] car	[340.10864  393.12772   40.918427  45.64203 ] car	[563.71674  713.7476    14.801331  28.472656] car	
[592.93243  505.65536   18.385742  30.456757] car	[590.3967   846.65326   13.606445  29.87384 ] car	[338.1189   404.10556   41.629272  45.161377] car	
[588.2703   520.6132    18.414734  31.804077] car	[589.8916   862.9389    13.253723  29.324707] car	
[590.81995  879.67      13.515381  32.04138 ] car	[588.9033   529.3887    17.0802    30.564758] car	
[587.51917  896.42615   18.71814   27.034119] car	[590.5205   545.1355    19.33258   30.809753] car	
[590.63116 915.43414  13.78418  29.96405] car	[594.6229   560.56525   16.457642  33.18457 ] car	[531.00916  703.83545   21.570984  30.383057] van	

[591.6818   950.5428    15.398987  27.88208 ] car	
[596.59766  969.2607    15.018921  27.616821] car	[540.60376  734.8248    19.335938  32.441833] van	
[429.8107    43.723923  37.34024   40.029625] car	[596.3517   987.8513    15.018982  30.085083] car	[463.85425  536.2693    41.1976    44.622498] car	
[ 595.7368   1007.8833     15.843628   30.648682] car	[439.31488   71.342224  35.03235   36.23546 ] car	[568.8989   992.1852    15.417114  28.522766] car	
[446.91718   95.966644  36.78723   39.089706] car	[ 594.0912   1028.2927     12.89447    30.293701] car	[ 615.52106  1035.9495     13.990662   28.044067] car	[589.2423   686.71497   16.750793  30.379944] car	[347.22324  511.28326   32.037933  39.159058] car	
[455.73212  121.048584  32.40738   37.970642] car	[588.7939   703.7196    17.862366  30.4068  ] car	[ 596.5652   1050.1681     15.801147   26.50232 ] car	[464.9671   576.83905   39.208252  43.11505 ] car	
[464.3632   145.82722   31.253113  44.32837 ] car	[588.5331   727.23627   16.538818  32.650635] car	[ 600.8266   1069.661      17.932983   26.976318] car	[567.33435  854.8282    14.919006  28.022339] car	
[477.5874   178.93167   32.680634  37.018127] car	[ 592.3706   1093.613      17.502197   27.32666 ] car	[586.3605   748.2875    20.26062   31.996216] car	[587.406    954.348     16.004578  29.929016] car	[556.03876  830.02246   21.372314  29.003052] car	[563.2457   866.1325    16.759583  29.205566] car	
[484.60837  201.82059   32.86679   41.709732] car	[587.80597  767.0847    17.949219  35.55719 ] car	
[498.76254  232.27736   30.177155  38.953293] car	[585.1459   790.1804    15.905945  32.740845] car	
[508.44012  260.2002    30.600342  38.1756  ] car	[581.417    809.92096   19.013123  31.362   ] car	[494.1713   296.05807   25.450287  33.29077 ] car	
[409.80627   35.60454   34.289917  30.109333] car	[577.5252   831.3406    16.247925  33.407593] car	[515.3837   282.47742   26.667908  39.380188] car	[503.2298   309.2517    20.720398  31.595001] car	[536.69464  289.91867   22.370728  35.079224] car	
[574.41437  854.97736   14.913513  31.349915] car	[505.70786  323.03287   24.498749  30.354706] car	[533.60126  318.37305   25.03894   34.215576] car	[428.3783    55.209103  32.131958  38.58666 ] car	[ 555.54224   1023.20184     15.2404175   33.239563 ] car	
[439.6026    82.41856   29.88034   37.425125] car	[569.53925  877.0909    15.944458  28.866272] car	[541.5254   345.91397   28.208069  34.44928 ] car	[509.62808  335.64334   25.357574  29.920074] car	[520.5851   370.73563   24.16504   28.722748] car	
[551.5291   373.7166    28.279846  36.2193  ] car	[457.1311   110.098404  30.856201  35.305405] car	[564.79663  899.28564   12.458984  26.396057] car	[513.2237   348.61536   26.326233  30.889465] car	
[557.6331   402.04733   24.583435  34.825867] car	[470.5297   138.67754   28.477173  34.537872] car	[558.2419   919.8089    13.258423  29.703857] car	[ 527.2046   1060.7524     15.268005   30.160034] car	
[482.71732  166.83218   29.997345  34.6575  ] car	[547.555    942.4365    14.770264  28.830444] car	[563.55646  412.02194   26.78003   37.729248] car	
[571.0318   430.69867   21.260742  37.237244] car	[541.8061   963.1104    17.499207  28.636902] car	[496.12643  195.9332    27.390778  35.32869 ] car	[539.8547  427.55777  20.35669  33.00943] car	
[575.3937   462.5815    22.55194   35.577087] car	[508.80035  227.85905   27.973572  35.441727] car	[535.1639   988.6925    12.331482  23.786865] car	
[519.5844   257.61823   30.795044  36.022278] car	[579.4861   492.88437   21.64862   35.429474] car	[ 522.57825  1008.8655     16.071167   29.354614] car	
[530.34015  288.0274    29.59314   36.183533] car	[584.4235   527.6776    17.963623  30.842346] car	[ 515.2722   1030.2533     16.634338   32.83777 ] car	[540.1033   428.99393   20.383484  32.159637] car	
[539.3445   323.64404   30.050964  34.189972] car	[593.06146  565.25604   17.19397   30.022644] car	[ 502.47287  1053.5426     19.151703   32.159912] car	
[549.4826   353.93854   26.971436  36.437805] car	[ 496.54135  1078.5037     19.321686   25.693604] car	[545.0004   460.9523    17.245361  30.97406 ] car	[511.9295   811.2793    15.667114  30.3667  ] car	
[557.3182   389.2483    26.055359  35.18695 ] car	[ 483.70468  1100.8844     23.634583   28.206299] car	
[586.2663  675.5762   17.89508  32.74475] car	[566.6905   393.82468   24.766663  31.061157] car	
[569.08826  424.91965   24.359253  34.926666] car	[581.5971   709.5222    16.221375  32.462708] car	[514.68207  445.4866    21.624939  30.743713] car	
[574.62317  461.19034   22.251282  33.2558  ] car	[574.4567   743.69543   17.944885  34.05902 ] car	
[580.1941   494.60803   20.402649  33.385315] car	[564.9336  773.93945  22.42273  32.30896] car	[480.44916  486.88797   16.926147  32.412384] car	[584.6947   793.68536   15.452332  29.783142] car	
[556.67633  805.9684    23.862915  33.41461 ] car	[580.56696  812.0732    16.885376  28.477112] car	[480.52884  496.30453   20.013397  31.206268] car	[584.6813  530.4977   17.12909  32.01349] car	
[551.1795   838.4591    23.6333    36.503418] car	
[540.76746  867.7558    25.092102  36.904724] car	
[534.35333  898.59827   24.572021  34.81122 ] car	[478.3183   553.102     23.338043  35.754944] car	[488.3663   631.9164    15.060577  30.52362 ] car	
[523.9932   931.14557   27.675842  35.052185] car	[476.9768   653.26      20.678131  32.140137] car	
[581.07825  732.7503    19.253784  33.167297] car	[513.6081   959.1034    29.086975  35.340332] car	[475.84506  579.91095   25.124481  40.2782  ] van	
[577.73035  766.1128    21.212585  33.321472] car	[506.69012  988.5139    27.772156  34.19049 ] car	[620.5278    57.383995  20.513977  30.024261] car	
[617.6782    83.73112   26.21405   34.149796] car	[ 499.01398  1016.67645    26.42749    34.247986] car	[573.1455   800.7732    17.902466  32.401733] car	
[568.9305   833.6061    20.36023   34.135437] car	[ 490.57498  1046.4384     26.3143     31.673218] car	[477.8368   625.78705   26.229279  43.874573] van	[612.76605  106.551796  36.163513  41.69822 ] van	[615.7458   111.15517   27.610413  36.621536] car	
[567.30664  867.38745   18.398987  32.044006] car	[614.9783   147.22792   22.677307  31.683868] car	[479.47894  639.0352    25.455933  44.719788] van	[ 483.60587  1074.1552     28.338684   32.13318 ] car	
[614.99506  175.74422   24.810242  33.087524] car	[558.42554  900.0705    22.068176  34.46826 ] car	[ 480.13593  1099.6385     26.531525   35.871338] car	[479.9528   656.4915    25.071594  45.477417] van	
[611.1895   203.16716   22.527039  35.022003] car	[556.27704  931.3225    20.853455  33.68213 ] car	[480.42432  672.3253    27.11023   43.499146] van	
[605.4544   237.57417   27.428589  33.209244] car	[552.8651   964.3127    20.609985  32.373474] car	
[603.51514  267.1061    25.194153  33.9245  ] car	[543.6735   995.6835    24.35968   35.068726] car	
[601.3922   298.77197   23.507019  33.80011 ] car	[ 540.843    1029.4598     24.696106   33.37915 ] car	
[ 537.4187   1060.9985     23.116028   31.871216] car	[597.20593  326.49524   26.379333  36.89563 ] car	
[593.3273   358.1814    27.881714  37.7128  ] car	[ 529.35     1091.6553     24.230896   28.836548] car	
[592.42914  391.99997   21.776917  33.803436] car	
[590.43036  428.95947   20.533447  32.317932] car	
[588.1073   461.77853   19.470703  29.58075 ] car	
[587.7058   492.5584    19.108826  31.7229  ] car	[545.94916  838.3292    17.76593   30.508423] car	
[585.7202   525.04156   18.872253  29.734192] car	
[589.6048  569.93823  18.74408  33.13977] van	[590.93256  565.9224    16.777283  30.631897] car	
[651.01135  135.51048   24.163635  31.952545] car	
[591.9134   646.4908    17.073242  29.501282] car	[570.7803   910.2857    18.463013  31.537231] car	
[595.3483   681.62946   17.99054   31.753601] car	[576.0424   929.4376    20.940308  32.222595] car	
[601.87616  714.5275    17.783203  31.690369] car	
[607.05786  749.24335   21.905823  30.936096] car	
[616.4389   783.3253    19.403687  33.53784 ] car	
[624.11224  817.07495   21.04187   30.710205] car	
[632.7694   848.2613    22.476746  32.970215] car	
[640.74677  883.7306    23.522278  30.861755] car	
[652.97815  917.13116   22.654541  30.333862] car	
[662.21716  949.6118    24.32251   30.179016] car	
[674.30365  981.31006   24.522278  30.648987] car	
[ 691.835    1011.68475    24.14264    30.759583] car	
[ 691.835    1011.68475    24.14264    30.759583] car	
[ 691.835    1011.68475    24.14264    30.759583] car	










[689.619    481.287     35.295166  68.68158 ] bus	



[859.01013  519.9271    30.62323   27.276917] car	















[694.01697  736.67303   34.261353  81.08685 ] bus	
[697.19965 751.296    29.95935  74.99078] bus	
[697.02606  762.9169    36.211487  74.9292  ] bus	
[694.3713   776.0434    38.342834  72.02142 ] bus	

[538.3499    356.60635     7.296936    6.8155212] pedestrian	

[539.8531    380.18204     6.2402954   6.7841797] pedestrian	










[ 640.68475  1107.3569     26.630188   31.391724] car	

[545.34094   552.2783      5.77771     6.3009033] pedestrian	
[546.3029    561.04803     4.9223022   5.053528 ] pedestrian	[586.5702   184.83788   19.876892  35.741302] car	

[491.63464  739.0393    17.514069  30.411072] car	

[ 583.5401   1021.84235    17.834106   28.868103] car	[541.38696  589.78143    5.438843   5.411255] pedestrian	[484.84088 831.63934  34.48932  94.50757] truck	
[504.48965  844.4301    21.030853  50.105225] van	


[ 582.3414   1024.2385     18.801819   32.079224] car	

[585.11316  276.39386   28.57013   30.908508] car	
[ 585.41156  1021.8021     18.252502   28.619873] car	
[ 584.9243   1022.62384    19.88684    28.523865] car	
[ 585.0868   1021.1992     19.4281     31.290405] car	[492.83023  970.88007   16.458923  31.351257] car	
[ 588.8716   1023.1117     16.598022   31.308716] car	[495.9443   979.45245   19.361786  29.032043] car	
[ 586.40656  1021.6701     18.644287   32.01715 ] car	[496.69836  988.1285    16.035583  30.809875] car	
[ 582.40546  1021.3547     18.786377   31.214172] car	[537.9656   667.5878    20.835815  27.664856] car	
[ 583.20483  1021.4959     19.109497   32.153015] car	
[ 582.7435   1021.4456     19.746704   33.853577] car	
[ 582.1535   1022.71893    18.323792   32.503357] car	
[ 581.223    1023.5883     20.561218   32.114563] car	
[ 581.223    1023.5883     20.561218   32.114563] car	
[ 581.223    1023.5883     20.561218   32.114563] car	
[ 581.223    1023.5883     20.561218   32.114563] car	
[ 581.223    1023.5883     20.561218   32.114563] car	
[ 580.52075  1025.8568     22.358887   30.20044 ] car	[ 614.29767  1048.0668     23.683899   38.76892 ] van	
[ 580.52075  1025.8568     22.358887   30.20044 ] car	[ 614.29767  1048.0668     23.683899   38.76892 ] van	
[ 580.52075  1025.8568     22.358887   30.20044 ] car	[ 614.29767  1048.0668     23.683899   38.76892 ] van	
[ 580.52075  1025.8568     22.358887   30.20044 ] car	[ 614.29767  1048.0668     23.683899   38.76892 ] van	
[ 582.58093  1027.847      18.355408   31.688232] car	
[605.8807   945.2184    17.871277  26.616272] car	[ 582.59125  1030.4677     18.494446   34.23059 ] car	
[ 584.55707  1034.2903     16.674316   33.09143 ] car	

[546.1698    801.5435     15.2144165  26.400452 ] car	
[ 575.0362   1035.1945     26.28888    40.749634] van	
[597.4604   487.38364   19.01892   31.229279] car	
[ 577.45917  1063.635      21.596863   34.013428] van	[ 610.4325  1067.134     16.93512   25.48413] car	
[ 581.2843   1070.8978     19.099792   31.437256] car	
[751.777    622.6429    39.335815  40.746765] car	
[ 576.47906  1084.4485     22.374084   25.75232 ] car	
[ 576.1105   1092.2042     20.939941   26.497192] car	
[ 576.5363   1095.5133     19.311096   28.675293] car	
[ 577.79016  1102.4008     20.371765   26.346924] car	
[ 575.2413   1105.8031     20.456604   28.128784] car	
[605.14886  987.29987   22.652832  29.264404] car	






[459.14288  929.73267   15.134857  36.095276] car	

[592.7182   608.4546    14.593689  26.994995] car	[ 555.5578   1004.52856    17.50476    31.690674] car	


[507.05338  824.8568    31.353241  28.73462 ] car	

[589.30664  607.7208    17.164673  25.786926] car	

[590.29956  591.1599    14.406433  29.493347] car	


[669.90204  145.55678   28.381592  33.13292 ] car	
[665.10394  176.17593   28.580017  30.153732] car	
[658.1834   206.055     30.293396  31.642426] car	
[650.0212   238.41637   28.404053  29.024673] car	
[640.0657   263.87708   30.484436  33.76416 ] car	
[632.12885  294.9448    30.43811   31.012085] car	
[623.33185  323.84357   26.510742  31.590973] car	[697.10785 116.40762  66.15582  75.82344] truck	
[615.5344   354.09305   28.642944  30.900879] car	
[610.5345   380.98734   28.610535  33.05954 ] car	
[600.5895   440.73242   27.180237  29.97757 ] car	[ 556.7591   1014.3158     16.28888    28.906372] car	
[592.99414  467.8194    23.495056  29.817505] car	
[590.2288   493.61105   20.728577  30.29007 ] car	
[589.18726  522.2905    16.532227  28.010803] car	[ 597.8283   1059.5485     16.796936   25.919922] car	
[591.5548   536.96625   16.368835  29.172424] car	
[590.7836   549.36237   17.449097  28.34552 ] car	
[655.6948   269.78204   22.570068  24.442291] car	
[532.65356  830.1041    18.72876   30.258118] car	
[541.31635  843.58856   24.786804  31.74524 ] car	[607.5843   685.2733    16.946533  28.320557] car	
[620.01105  711.53033   19.993896  27.612793] car	[555.29486  856.78656   26.139465  33.986816] car	[604.4518   578.1052    13.682129  27.35669 ] car	
[629.7756   732.3469    25.175354  25.85913 ] car	
[655.0707   782.7788    27.76715   27.841614] car	

[614.985    923.37463   30.910645  35.400085] car	[583.76483  765.3727    69.074646  84.64044 ] bus	
[561.49524 934.4345   81.71057  84.57172] bus	
[590.2108  787.856    75.98505  74.79224] bus	
[611.7713  802.53436  71.94824  75.10254] bus	
[606.64984 813.40985  75.98645  73.54126] bus	
[614.9513  827.39954  78.98688  76.50598] bus	[608.75385 982.63043  76.62091  84.99579] bus	
[614.3548   424.79184   39.773132  35.52945 ] van	[614.278   852.7677   85.08215  74.79315] bus	
[614.44116 867.2287   81.4668   71.60327] bus	[458.87863  273.31924   31.198181  29.244873] car	
[621.04517  879.36194   84.31714   74.555115] bus	
[617.7187   891.6993    81.04822   72.612976] bus	[589.3368   584.95746   14.44574   28.765198] car	
[619.7035  901.1106   78.21631  76.20929] bus	[638.73334  908.5511    60.440918  64.98932 ] truck	
[616.62555 925.3873   76.01758  83.92255] bus	
[616.72815  938.2827    74.16278   72.104065] truck	
[606.7551   945.0435    78.91046   75.892334] truck	

[603.1868   965.4892    77.199524  85.73517 ] truck	
[601.6929   977.494     68.41223   86.640625] bus	
[592.77625  989.3956    70.289795  74.83423 ] truck	
[ 593.91925  1000.48486    69.500305   87.36194 ] bus	[ 593.59174 1001.4836    68.57306   80.52252] truck	
[575.9769   381.857     20.636353  26.076721] car	
[ 563.24976 1016.10956   71.16925   84.8056 ] truck	[494.35828  450.6913    25.950745  27.869507] car	[459.69977  447.1281    36.751373  28.468903] car	
[ 545.55    1026.3745    62.32434   85.8822 ] bus	[527.088    599.50244   31.992004  73.67786 ] bus	[588.07666  550.58453   14.461609  25.049622] car	[463.36014  449.91693   37.151367  29.65805 ] car	
[532.266    613.2142    26.183594  82.98102 ] truck	[474.133    454.28882   37.13614   27.574188] car	
[702.50653  740.8484    27.719116  39.517395] car	[482.73804  454.36356   37.865295  31.109863] car	[523.64905  452.46637   24.692749  28.645752] car	[481.01736  455.29605   43.010223  31.694061] van	
[572.44037  387.75772   22.156494  30.079346] car	[492.98294 458.8227   44.97757  27.53421] van	[510.74756 617.31146  41.26068  81.83777] bus	
[562.0664   484.15387   19.801697  32.50995 ] car	[513.24     613.69836   34.35559   66.175964] truck	[468.2153   463.58115   28.914001  21.684906] car	[419.67618  435.6963    27.156616  22.504852] car	
[603.6473   413.72812   28.172363  29.037659] car	[578.86554 441.81903  36.64502  33.79727] van	[431.75076  424.66116   28.915222  23.916168] car	[517.81116  460.3187    39.572815  34.036438] van	[480.83777  458.22232   31.217957  24.114197] car	[477.5302   454.98776   42.96338   27.237213] van	[353.11905  406.0511    31.104736  25.211182] car	[577.9907   484.47455   25.569458  26.964417] car	
[453.94925  417.62714   26.055267  23.45343 ] car	[429.394    400.7986    26.955627  24.208527] car	[373.70343  385.86456   30.733429  25.867523] car	[402.59464  394.63736   30.165985  29.613678] car	[532.7079   465.23947   38.01819   34.497955] van	[477.70435  436.52933   23.737823  22.803741] car	[499.17307  456.1602    28.850739  25.748688] car	
[477.07477  412.00674   23.711487  24.954529] car	[453.95175  391.25485   26.788544  23.806305] car	[548.8729   468.64532   28.52649   26.042053] car	[515.98193 454.45154  31.54419  27.0654 ] car	[628.54254  440.29297   27.024353  27.472504] car	[404.23093  368.8444    28.309937  25.918243] car	[428.43393  384.36127   30.618988  28.457855] car	[546.763    468.53452   32.072205  33.99225 ] van	
[526.05884  455.98682   36.431274  27.994324] van	[580.865    514.27893   23.810791  26.526672] car	[457.64005  375.0935    31.546051  29.468414] car	[510.91882  433.7383    29.829956  21.629791] car	
[522.18976 411.3262   26.48346  24.74173] car	[574.5405   483.6173    24.086731  27.041656] van	[546.02155  456.97275   29.128784  30.496979] van	[488.33453 368.92743  25.91034  29.20578] car	[195.19197 194.82867 110.65321  77.23715] bus	[380.49304 289.41888  72.22244  67.4563 ] bus	
[586.0239   527.4357    17.633423  25.038513] car	[579.1526   486.26382   28.849365  36.438507] van	
[591.71075 495.64227  22.74646  37.38446] van	[592.53     537.80664   17.132507  29.529053] car	[536.1592   370.21106   25.890564  30.866394] car	[569.7838   465.01175   27.922974  28.860443] van	
[545.66406 529.4577   17.83429  27.62384] car	

[372.79355   51.633106  38.947327  43.532078] car	
[391.44962   49.892197  39.809174  41.90882 ] car	
[517.53687  350.50717   22.764343  28.62201 ] car	
[495.3754   193.48518   27.738922  31.443085] car	[445.58325  121.672806  29.43396   30.341232] car	[482.7647   168.48135   25.264862  27.87651 ] car	
[486.1256   181.00342   28.927795  27.93335 ] car	[502.896    206.1414    31.777649  30.583618] car	[424.08502   71.60878   40.62146   38.857346] car	
[427.04205  83.09182  40.38495  41.21398] car	[510.1665   212.23677   28.530334  30.4973  ] car	[492.20053  187.62358   27.892853  29.425598] car	
[438.47757  95.73188  34.22354  34.51203] car	
[495.01523  207.53188   28.933441  30.786911] car	[339.6798  851.09644  85.03311  63.45691] truck	
[433.28415  114.29875   38.147705  40.6689  ] car	[509.83243 247.26938  29.87912  32.88745] car	
[441.7459   132.41457   33.5495    36.193558] car	[512.45807  256.66714   29.990967  35.56491 ] car	[488.0338   210.2811    45.006653  59.17334 ] truck	
[570.3557   382.09296   44.854004  69.63074 ] bus	[442.4164   142.68504   35.436707  40.357162] car	[513.7829   272.3401    31.503174  33.00412 ] car	[497.8058   246.58252   32.240112  33.859528] car	
[444.44     157.93977   36.03006   36.311417] car	[515.05505 285.18063  29.64038  34.30313] car	[574.9584   396.37552   38.276978  68.22995 ] bus	
[455.32593  167.89519   36.368164  39.63748 ] car	[574.701    407.88516   45.36676   68.499756] bus	[392.85645   48.089554  43.298615  37.380928] car	[521.47     297.73444   31.864624  34.612366] car	[578.6645   683.104     15.788818  28.211487] car	[405.67694   78.3722    44.520477  41.290207] car	[509.76068  274.49094   28.838379  33.09903 ] car	
[577.5533   423.57605   43.637634  70.33798 ] bus	[531.0273   314.1295    31.405151  34.065887] car	[466.98325 184.03421  35.59247  35.07605] car	[488.65295 236.81789  33.1817   32.0793 ] car	[542.9767   479.87704   19.051514  29.676422] car	
[537.2907   325.5175    30.61847   36.303436] car	[582.11115  435.65784   43.26294   75.835724] bus	[374.56845  158.64342   35.722015  40.378143] car	[479.2203   196.21587   35.874786  37.390915] car	
[493.59802  213.53844   31.717163  33.256622] car	[390.4837   168.31369   33.12552   36.957947] car	
[510.21832  223.9647    35.022034  37.18541 ] car	[557.1503  359.87927  23.82013  33.00299] car	
[426.15976  189.67404   34.770966  37.81183 ] car	[529.5648   241.65239   31.451477  33.23259 ] car	[498.70737  141.43402   38.363983  34.273605] car	[600.37427  497.90198   32.513428  58.23871 ] truck	[557.25793  350.31323   32.276123  37.08307 ] car	
[599.88727  511.54526   35.538086  67.75076 ] truck	[567.99646  376.95007   30.207825  33.474823] car	
[523.2887   376.7473    19.36267   26.155792] car	[554.45     274.62473   28.697876  35.218445] car	[450.29877  130.80467   30.916138  32.41925 ] car	
[568.82513  334.85507   45.668945 114.23303 ] truck	
[566.4424   191.01324   27.363647  34.65071 ] car	[576.32184  296.9603    25.293152  28.520325] car	[598.9205   437.09784   21.665527  24.751587] car	
[574.4636   205.87332   24.735779  35.31331 ] car	
[604.18646  474.61172   18.435486  26.544983] car	[548.6739   447.70163   15.721619  25.875977] car	[584.26654  229.30983   32.933655  35.366653] car	
[612.34827  492.72232   18.213196  26.954865] car	[602.94305  641.78      33.937927  73.90173 ] truck	[587.26056  240.63538   41.68286   41.634064] van	[549.33044  464.15482   17.239746  27.182617] car	
[604.01263 665.02106  35.26581  66.16205] truck	[615.2929   515.7235    15.667358  24.064514] car	[556.3193   514.85785   15.045593  24.11499 ] car	[594.81006 264.8143   37.05493  41.40457] car	[592.234    258.36493   43.27002   47.288544] van	[552.2711   482.47934   15.968933  26.695892] car	
[601.7745   683.2786    35.834045  66.9447  ] truck	[554.3835   502.42725   13.647522  26.728882] car	
[555.63873  534.2223    14.276428  22.882935] car	[600.07153  698.0702    37.68927   69.813416] bus	[602.8179   702.25586   33.88025   67.863464] truck	
[598.9587   717.0301    40.843628  73.71954 ] bus	

[601.51154  753.45905   40.879883  75.334045] bus	

[467.77594  951.12506   23.796387  30.658875] car	[491.95178  865.15      20.318115  26.634888] car	

[606.3214   436.85132   23.067505  33.03766 ] car	
[601.80927  377.21854   23.602966  27.259888] car	[603.33435  442.1557    29.831665  44.637634] van	[531.8926   877.6498    22.277405  28.636353] car	
[602.8563   395.03015   21.497803  26.843018] car	[607.7169   446.19272   24.429504  59.217285] truck	
[558.90784  719.1565    15.560059  29.600708] car	
[603.4104   397.5975    17.817322  23.572632] car	[601.4669   374.5281    20.823486  20.895905] car	[608.4199   484.65436   23.662354  58.559875] truck	


[560.61316  792.9382    15.916931  27.981201] car	



[ 575.96735  1069.9043     11.222168   21.18689 ] car	


[560.1527   671.6751    15.010132  27.5755  ] car	
[559.9894   687.72687   14.721436  27.518799] car	
[559.9894   687.72687   14.721436  27.518799] car	
[562.67456  705.1791    14.777405  24.993042] car	
[562.4284   722.4013    16.016113  26.544739] car	[535.3512   514.6093    28.11383   19.203796] car	

[612.63434  605.49274   28.259888  93.565186] truck	[546.1624   444.71863   18.376404  31.108093] car	
[563.1279   771.34503   14.820374  28.592224] car	[611.9886   624.6973    28.693481  87.230286] truck	
[612.42487  640.6584    28.872437  83.048035] truck	[539.96295  105.88964   19.786865  32.517998] car	
[613.31134 658.0668   27.08142  83.40369] truck	[540.13184  599.4175    17.770264  25.626587] car	
[614.17456  675.00323   25.328308  88.19867 ] truck	
[612.37317  690.0705    27.821045  80.354065] truck	
[542.6595   172.4884    22.457947  27.590607] car	
[611.0014   722.9839    27.477783  73.87561 ] truck	

[573.8052     8.674657  22.359009  26.157661] car	
[574.1532    43.10313   22.575623  22.622356] car	
[574.5511    54.61789   23.277954  24.333717] car	
[572.74554   70.437935  22.765076  26.186157] car	
[575.4063    80.87309   20.993286  30.369812] car	
[576.71313   88.61912   17.843811  34.778152] car	
[573.5946   119.12947   22.619995  26.069244] car	
[573.1114   123.05151   21.970276  31.318481] car	
[573.2962   140.14827   21.280151  31.463593] car	
[574.826    157.07355   16.879395  28.57135 ] car	
[573.69055  178.4365    21.089783  26.758698] car	
[573.9079   194.59041   19.344177  24.731674] car	
[574.9936   208.95868   20.023682  24.93039 ] car	
[573.1911   218.43536   20.141357  27.413834] car	[541.0152  139.68393  26.53418  29.08844] car	[547.0058   585.65344   15.641724  30.360352] car	
[575.08075  231.54733   17.146667  26.733612] car	
[575.10376  248.66692   17.275146  26.55513 ] car	[537.19934  171.52098   28.872498  24.800186] car	
[574.34753  261.18307   17.758118  29.62622 ] car	[539.7043   184.60406   24.415955  26.255966] car	

[542.99677  214.72493   27.397278  24.018753] car	
[527.2154    70.67442   31.373535  33.24724 ] van	[541.91437  229.33508   26.52179   22.706192] car	
[531.8191    85.531685  26.411621  29.91896 ] car	[577.5089   320.06207   17.564941  24.815338] car	
[577.6142   333.28134   18.021973  23.200775] car	
[535.87964  113.96332   25.29657   28.582733] car	
[547.7216   277.84082   23.086304  25.808685] car	[518.9259    92.70427   42.043823  67.67233 ] bus	

[539.6558   150.20917   21.525024  28.492065] car	

[560.45496  762.5801    18.764221  24.677002] car	[580.6239   408.198     17.482178  26.331238] car	

[545.6269   350.2328    23.254456  25.931091] car	[580.6928   431.77158   18.668213  25.508148] car	
[579.9501   441.25018   18.289062  25.5784  ] car	[546.3331   364.2687    22.292725  23.694489] car	[566.36743  387.58124   19.463013  26.433014] car	[492.18503  250.99684   38.979156  26.750656] car	[565.66516  809.4398    15.804138  29.94696 ] car	[ 577.81586  1034.3694     15.650757   28.391235] car	
[558.4041   325.31552   22.08368   26.176605] car	[578.6358   451.3117    19.529907  26.532166] car	[546.20917  371.85303   21.635681  26.742584] car	[566.0984  818.8732   15.29657  27.91211] car	
[567.65753  830.51025   15.022705  29.554321] car	[495.86935  274.02808   35.42862   30.903442] car	
[581.16614  475.07394   16.491089  25.041351] car	[497.17865  281.6532    32.92218   36.258667] car	[602.49646  404.0872    21.769348  23.85965 ] car	[530.2787   235.15054   24.279175  31.362366] car	[564.79663  840.56647   17.389465  27.89032 ] car	
[565.5684   850.5032    14.873474  26.1109  ] car	[582.7587   486.5428    17.3172    25.641052] car	[602.5004   412.4441    22.450134  25.354584] car	[497.55466  293.1712    33.612946  32.875427] car	[546.2875   399.12198   22.183777  28.278809] car	
[564.3614   857.8214    15.270752  28.411377] car	[498.70126  302.98694   37.053925  32.176514] car	[603.8012   420.71597   21.223389  26.148865] car	
[562.4636   866.7794    14.873901  30.108154] car	[582.4216  500.72614  17.14801  28.34613] car	
[557.4406   876.8847    16.971008  31.217346] car	[507.5676   320.08313   33.556793  30.797913] car	
[549.65594  886.6262    16.831299  29.219116] car	[515.5232   323.86026   36.308228  33.837097] car	
[523.225   333.3822   38.84967  33.08612] van	
[534.67596  340.62643   37.141785  31.527008] car	[528.1303   900.24146   15.262878  31.18872 ] car	
[419.8081   408.71695   46.341736  30.27359 ] van	[507.62613  907.73193   21.773224  31.874084] car	
[573.05304  305.44257   41.467834  40.527252] van	[487.19305  909.9069    23.294159  31.651855] car	[585.4696   492.42145   23.651123  33.046143] car	
[399.4071   396.73724   90.81473   49.633698] bus	[582.3058   309.87134   49.64038   45.976135] truck	
[156.9652  145.66867  85.4288   64.36754] bus	[572.38904  364.43848   40.97168   31.958374] van	
[457.50983  302.24976   27.40097   26.744568] car	[588.2046   371.82922   44.11505   34.518677] van	
[295.8842   988.1531    52.057312  69.53027 ] bus	[476.99573  299.49225   34.368927  32.475677] car	
[660.1529   369.66306   45.52661   38.624786] van	
[528.31964  311.397     29.896667  30.405365] car	
[613.8071   579.793     21.773743  27.712769] car	
[613.83923  587.48914   21.992676  28.564087] car	
[572.8866   316.20782   30.530884  34.50049 ] car	[381.46872  116.24832   37.277405  36.36975 ] car	
[585.77795  417.68045   27.129395  30.334656] car	
[585.77795  417.68045   27.129395  30.334656] car	
[585.77795  417.68045   27.129395  30.334656] car	
[585.77795  417.68045   27.129395  30.334656] car	
[449.9702   112.53949   35.291077  34.28859 ] car	
[449.9702   112.53949   35.291077  34.28859 ] car	
[449.9702   112.53949   35.291077  34.28859 ] car	
[449.9702   112.53949   35.291077  34.28859 ] car	
[504.04178  117.78314   34.503754  33.463303] car	
[427.87378   23.44073   35.118286  32.36615 ] car	[530.8324   125.0679    33.04248   32.489197] car	
[456.25156   45.22176   32.865112  28.090878] car	
[485.35855   60.205696  28.645477  33.198654] car	[636.5618   979.72327   16.776062  30.016724] car	[596.99396  542.36285   16.160583  28.347046] car	
[508.90042   84.18997   28.930939  30.43747 ] car	[706.37744  592.1089    34.697998  40.062622] car	
[528.0896   107.04106   28.745544  31.956665] car	
[547.2928   126.99      19.388062  33.38984 ] car	
[555.8659   155.78676   21.872437  30.774414] car	
[560.291    179.23755   17.988342  31.736694] car	
[569.7949   205.98685   21.753479  31.80278 ] car	[592.19055 607.63525  14.04718  25.48169] car	
[573.2193   233.30191   20.59021   29.983246] car	[670.8338   725.20294   31.851562  29.504639] car	[764.0037    67.89419   47.913025  73.45583 ] van	
[576.1501   258.79715   18.234436  30.315674] car	[590.3517   592.2736    14.594177  26.965393] car	
[577.6667   282.9123    18.736816  30.973267] car	[565.0413   808.8072    17.61499   25.907715] car	[588.6374   580.42926   11.569397  22.118713] car	[ 556.5269   1108.644      14.357361   28.480103] car	
[578.37555  309.41486   18.573975  30.03711 ] car	[597.7698   615.9775    15.031494  28.335388] car	
[578.44525  335.05984   18.953491  29.067413] car	
[580.38544  360.13757   19.929138  28.747772] car	[592.3205   594.43677   12.219666  23.30011 ] car	[591.4804   552.08246   14.992249  27.390198] car	
[583.3457   408.18008   18.887878  29.130798] car	[593.8054   862.5946    19.486572  28.33435 ] van	
[583.10144  431.15253   17.982971  30.990143] car	[590.8858   586.56256   15.111816  25.817383] car	[591.72687  551.0673    14.279846  25.970093] car	[ 596.13245  1002.16534    16.511963   29.496765] car	
[608.4012   576.2951    13.599365  23.057678] car	[591.10803  549.6215    23.626404  20.492554] car	[584.63464  459.596     18.461914  29.80774 ] car	
[581.7524   480.86404   18.686707  29.503754] car	
[608.376    610.2363    12.702759  24.267822] car	
[ 600.8983   1050.431      16.460938   30.592285] car	[638.6428   123.61905   25.550415  30.178558] car	
[590.2706   549.2343    15.983093  28.601196] car	[602.6493   933.8518    17.601135  28.214111] car	
[608.17883  637.9426    14.440063  23.846313] car	[574.7269   487.15854   16.18341   27.670013] car	
[609.0031   601.8675    11.21936   21.010376] car	
[598.2767   686.6394    16.586365  27.192932] car	
[608.33856  676.44196   14.603699  26.243958] car	[607.58545  656.48413   15.58783   25.687134] car	
[592.57367  693.14343   15.10376   31.077515] car	[607.5015   680.45776   17.075745  26.162964] car	
[594.3422   714.24994   17.692932  29.062317] car	
[597.12146  734.02814   13.408081  30.997498] car	
[595.63574  755.10626   16.657715  28.289368] car	[597.72266   740.33167    12.6622925  24.852173 ] car	
[598.378    771.7392    15.733582  31.266602] car	
[598.6723   791.99774   17.563171  31.30542 ] car	[607.75214  721.4957    18.271301  24.186096] car	
[565.39294   45.136795  18.332947  22.519363] car	
[599.5843   847.60236   16.49701   27.709839] car	
[600.3978   865.4134    15.852844  23.417786] car	[592.02905   617.7854     14.9852295  28.819702 ] car	
[632.6513   944.2379    17.440735  27.01233 ] car	
[602.5216   906.5522    16.052002  26.73584 ] car	
[580.33923  917.5622    15.418396  26.205078] car	
[602.6931   945.1549    16.065247  29.843445] car	
[601.8978   961.9412    16.80603   27.636353] car	[609.14215  762.2026    19.04541   23.478577] car	

[ 601.6537   1017.9595     18.17987    27.757568] car	[626.8687   994.3773    17.809448  30.815308] van	
[ 608.16394  1038.0592     15.801758   25.65149 ] car	

[606.4993   820.5937    18.575745  22.589966] car	[ 626.0098   1027.1985     17.2229     32.874023] van	
[ 612.2134   1095.7126     18.815918   25.282837] car	
[606.5781   844.2027    16.709717  23.75824 ] car	
[ 623.0349   1062.792      18.104126   37.84375 ] van	[605.45605  854.4691    16.368652  25.06427 ] car	
[ 622.46436  1077.3632     20.57013    37.085938] van	[606.38116  869.32056   19.88623   22.106628] car	
[605.51245  884.2962    19.792542  21.333862] car	[ 623.9749   1091.7842     17.38446    29.329468] car	
[608.3149   899.7417    14.64386   18.909363] car	
[579.80176  694.0371    17.894653  27.012817] car	[610.03625  912.0284    13.765137  20.600159] car	


[588.1611   596.68616   15.154053  22.850769] car	

[590.78687  584.78906   13.999939  24.015259] car	
[593.31244  592.50714   11.918091  16.962769] car	[613.5426   996.59357   19.747986  22.495972] car	
[577.1378   915.9655    17.805847  26.054504] car	[ 610.2036    1013.1281      13.0078125   20.309387 ] car	
[579.6385   920.6876    17.73529   27.342468] car	[ 610.32916  1026.6575     13.308655   21.924438] car	


[579.9274   937.22424   15.594849  30.105042] car	[597.14966  607.9502    15.86145   29.352478] car	
[582.0588   943.39197   16.128113  29.507568] car	
[578.9883   949.0263    16.776245  29.4469  ] car	[592.05566  572.22107   14.121826  23.74347 ] car	
[578.07965  953.24164   17.252563  30.415771] car	
[580.2259   960.5458    17.185425  33.077637] car	
[581.9574   965.4533    16.95874   29.775269] car	[590.82367  588.68604   12.317688  20.558655] car	
[580.2062   971.5882    16.639465  29.388123] car	
[579.9132   976.5668    17.111328  28.108276] car	[592.4127   591.4942    11.709045  14.709839] car	
[582.2777   979.6701    16.17627   31.408203] car	
[580.9495   985.25287   19.43219   28.952759] car	
[581.8316   987.42834   18.588318  25.640686] car	
[583.0865   989.94617   17.931946  27.605408] car	[590.87335  588.89435   13.366943  26.4292  ] car	
[580.2994   993.4322    19.37915   29.812805] car	
[580.8447   995.2468    22.898315  31.170898] van	
[586.6075   995.4297    16.638306  31.553223] car	
[585.5523   998.42584   15.783142  27.30194 ] car	[670.81494  931.0473    24.416992  37.672913] car	[636.6503   203.32245   25.322205  32.25792 ] car	

[ 586.22766  1000.29456    15.608276   28.719849] car	[582.6378   999.58984   28.154114  72.78784 ] truck	
[ 586.3729   1000.6494     16.66748    26.299194] car	
[651.8305   551.6299    27.116638  69.35315 ] truck	[ 587.0541   1003.4131     14.888489   29.317749] car	
[ 588.4588   1005.05914    16.435242   31.29779 ] car	
[1128.8721    551.89954    21.426636   32.52307 ] car	[ 584.5232   1005.50995    19.418518   31.449036] van	[637.83026  548.86957   18.648071  31.285828] van	
[ 586.24066  1005.68365    15.987915   30.586365] car	

[ 581.8433   1007.96       15.776978   29.879456] car	
[ 584.8476   1006.49316    16.698364   30.480835] car	
[ 581.7937    1007.1569      15.7508545   31.285706 ] car	
[ 580.0212   1007.972      15.164246   29.384827] car	[535.8703      1.8094442  20.786987   29.51873  ] van	
[605.8199   806.65015   15.411926  26.704346] car	

[608.3993   836.1563    11.211914  20.465149] car	[534.26965   45.29178   26.828308  28.064552] van	[537.5893    44.657196  21.73639   29.827087] car	
[537.2205    49.32717   27.215454  35.302498] van	

[ 579.10645  1001.65985    18.798584   27.41095 ] car	[542.8756    82.50342   19.302734  29.014801] car	
[542.56445   97.633064  21.09253   28.890244] car	

[541.69934  119.42787   21.782104  29.331894] car	

[581.35443  984.2814    17.221375  28.39392 ] car	
[589.9969    563.4866     13.5686035  26.59491  ] car	
[581.1627   654.51263   13.736938  25.948853] car	

[590.5172   565.509     13.737427  26.471619] car	

[583.51544  944.9975    16.75293   24.948425] car	
[580.8301   936.33655   14.704712  28.35144 ] car	

[537.30237  210.0413    25.29065   30.528381] van	
[581.74805  914.2951    18.218689  28.441772] car	
[582.18274  905.69257   17.26947   29.159119] car	[540.174    224.73537   19.546753  29.396515] car	
[581.3752   896.6076    16.414612  29.709534] car	

[577.01086  882.2245    20.08368   28.685913] car	[589.80756  580.46545   15.443726  24.376465] car	[588.9807   619.2291    14.58783   27.565674] car	[538.98517  242.70323   22.774963  29.211105] van	

[592.12274  583.1651    15.56134   27.978943] car	[577.79956  865.95044   18.047241  25.587402] car	
[590.81903  587.71985   14.040161  21.998169] car	
[542.77527  270.13113   17.801697  25.966095] car	[579.1838   850.10925   15.31781   26.682922] car	
[578.0756   840.9069    19.083435  31.938232] car	[590.8143   583.18866   15.843262  30.9682  ] car	
[576.3459   838.0816    19.487854  25.281738] car	[591.0235   594.74927   12.325256  22.151245] car	
[579.55554  830.3149    17.53003   28.192139] car	[541.8561   293.77832   18.817993  27.543243] car	[589.9938  570.2625   15.02301  29.27179] car	
[575.95013  826.42615   17.985962  25.40625 ] car	
[576.66864  820.76215   18.086243  24.163086] car	[543.94476  310.36557   17.278442  26.990479] car	
[576.5597   815.7028    18.625305  25.026672] car	[544.0127   320.53516   19.654541  25.805359] car	
[575.70544  811.4607    18.838257  29.808472] car	[590.89355  587.6789    13.329834  22.598694] car	
[576.4026   810.29114   16.970886  26.502502] car	
[574.8421   808.7902    15.909729  25.097351] car	[547.99646  353.1725    16.719788  25.843994] car	[590.8596   608.0013    15.750366  29.399536] car	
[574.1978   808.19116   16.459473  27.288086] car	[589.1801   619.64526   14.544373  28.015076] car	
[574.4473   807.6372    18.10382   26.037598] car	
[549.1181   390.47525   16.947876  26.00589 ] car	[573.2589   807.8979    15.349731  27.1958  ] car	
[573.6038   812.21436   15.598755  27.230774] car	
[573.6038   812.21436   15.598755  27.230774] car	


[574.48267  817.9572    16.560608  27.094238] car	[675.18164 337.74075  47.23694  49.70215] van	
[572.4237   823.47455   17.530823  29.294983] car	

[574.7302   830.76086   15.110046  28.912842] car	
[576.8513   834.0925    19.156128  28.492004] car	

[579.5065   835.43805   17.885376  30.555359] car	

[588.8115   838.23553   17.778442  26.817017] car	[590.9122   711.57764   15.092834  26.611816] car	
[601.488    835.15106   19.648376  31.272888] car	
