[587.5116395820089 534.157256434239 13.077835809414182 26.263412844954928] car	
[587.5116395820089 534.157256434239 13.077835809414182 26.263412844954928] car	
[588.7192150902961 551.8683638891162 13.077835809414182 26.263412844954928] car	
[591.1343661068703 557.5037162611227 13.077835809414182 26.263412844954928] car	
[591.6701271073805 567.1474142703032 13.077835809414182 26.263412844954928] car	
[592.7416491084006 585.8990492881544 13.077835809414182 26.263412844954928] car	
[590.5986051063605 602.5076403039656 13.077835809414182 26.263412844954928] car	
[588.9913221048305 604.1149233054955 13.077835809414182 26.263412844954928] car	
[589.5270831053406 607.8652503090657 13.077835809414182 26.263412844954928] car	








[598.053670690126 423.3265487600753 15 30.91142401715183] car	
[598.0536706901258 442.7746730785896 15 30.91142401715183] car	
[595.6963222878818 465.1694828999091 15 30.91142401715183] car	
[593.3389738856378 482.8495959167403 15 30.91142401715183] car	
[594.5176480867597 504.65506863749886 15 30.91142401715183] car	
[595.1069851873207 521.1565074532082 15 30.91142401715183] car	
[598.0536706901261 540.6046317717227 15 30.91142401715183] car	
[595.696322287882 548.8553511795772 15 30.91142401715183] car	
[597.4643335895653 574.196846503702 15 30.91142401715183] car	
[600.4110190923705 588.3409369171671 15 30.91142401715183] car	
[599.2323448912483 604.2530386323152 15 30.91142401715183] car	
[599.2323448912482 627.8265226547569 15 30.91142401715183] car	
[602.1790303940533 662.0080744872971 15 30.91142401715183] car	
[603.3577045951754 668.4907825934686 15 30.91142401715183] car	
[609.8404127013468 693.8322779175933 15 30.91142401715183] car	
[607.4830642991027 710.9230538338636 15 30.91142401715183] car	
[612.7870982041521 724.4778071467674 15 30.91142401715183] car	
[619.8591434108846 743.3365943647207 15 30.91142401715183] car	
[620.4434443916775 755.6618157875391 15.518626869346463 30.91142401715183] car	
[625.747478296727 780.4139740111029 15.518626869346463 30.91142401715183] car	
[632.8195235034594 792.7900531228847 15.518626869346463 30.91142401715183] car	
[647.5529510174854 816.3635371453263 15.518626869346463 30.91142401715183] car	
[649.9102994197297 819.3102226481315 15.518626869346463 30.91142401715183] car	
[664.5379670178373 846.5884782925333 15.518626869346463 25.9800925612642] car	
[677.5033832301802 860.7325687059982 15.518626869346463 25.9800925612642] car	
[688.7007881408399 883.1273785273178 15.518626869346463 25.9800925612642] car	
[698.1301817498165 902.575502845832 15.518626869346463 25.9800925612642] car	
[702.8448785543048 919.0769416615412 15.518626869346463 25.9800925612642] car	
[714.0422834649646 934.3997062761282 15.518626869346463 25.9800925612642] car	
[728.7757109789907 947.3651224884711 15.518626869346463 25.9800925612642] car	










[563.5425952364963 262.6850264734286 13 13] group_of_pedestrians	
[564.2744591809126 270.0036659175927 13 13] group_of_pedestrians	
[563.9085272087043 280.6156931116308 13 13] group_of_pedestrians	
[561.7129353754551 289.39806044462773 13 13] group_of_pedestrians	
[560.9810714310386 296.7166998887918 13 13] group_of_pedestrians	
[559.5173435422057 305.86499919399705 13 13] group_of_pedestrians	
[556.9558197367483 321.9660059711582 13 13] group_of_pedestrians	
[555.8580238201237 331.4802372485716 13 13] group_of_pedestrians	
[554.7602279034991 344.28785627585887 13 13] group_of_pedestrians	
[550.7349762092088 356.3636113587297 13 13] group_of_pedestrians	
[552.1987040980416 370.63495827484985 13 13] group_of_pedestrians	
[550.7349762092088 381.9788494133044 13 13] group_of_pedestrians	
[549.6371802925842 392.9568085795505 13 13] group_of_pedestrians	
[546.3437925427104 409.05781535671167 13 13] group_of_pedestrians	
[545.9778605705021 418.93797860633333 13 13] group_of_pedestrians	
[545.9778605705021 431.37966566141233 13 13] group_of_pedestrians	
[546.7097245149187 445.65101257753247 13 13] group_of_pedestrians	
[545.9778605705021 460.28829146586077 13 13] group_of_pedestrians	
[544.8800646538773 471.266250632107 13 13] group_of_pedestrians	
[545.2459966260856 478.9508220484794 13 13] group_of_pedestrians	
[545.2459966260856 492.4903050201831 13 13] group_of_pedestrians	
[545.2459966260856 500.9067403809719 13 13] group_of_pedestrians	
[544.8800646538773 516.2758832137166 13 13] group_of_pedestrians	
[544.8800646538773 529.0835022410039 13 13] group_of_pedestrians	
[544.5141326816693 545.1845090181649 13 13] group_of_pedestrians	
[543.4163367650447 557.9921280454522 13 13] group_of_pedestrians	
[544.8800646538773 571.5316110171559 13 13] group_of_pedestrians	
[544.8800646538773 586.9007538499006 13 13] group_of_pedestrians	
[545.2459966260856 593.8534613218566 13 13] group_of_pedestrians	
[545.6119285982938 615.3472571957846 13 13] group_of_pedestrians	
[546.7097245149184 630.7164000285293 13 13] group_of_pedestrians	
[545.9778605705019 639.1328353893182 13 13] group_of_pedestrians	
[544.5141326816693 652.6723183610218 13 13] group_of_pedestrians	
[545.2459966260856 665.114005416101 13 13] group_of_pedestrians	
[545.2459966260856 674.6282366935143 13 13] group_of_pedestrians	[389.0225316569189 59.820830864034974 20.787866113543828 32.68613270119306] car	
[544.5141326816693 688.1677196652181 13 13] group_of_pedestrians	[401.88079566915985 82.32279288545652 20.787866113543828 32.68613270119306] car	
[538.2932891541294 708.6599101088776 13 13] group_of_pedestrians	[420.63243068701115 97.32410089973757 20.787866113543828 32.68613270119306] car	
[536.8295612652968 715.2466856086254 13 13] group_of_pedestrians	[438.3125437038424 116.07573591758887 20.787866113543828 32.68613270119306] car	[409.61074171728137 47.2466430381582 15 35] car	
[533.1702415432145 731.3476923857864 13 13] group_of_pedestrians	[454.92113471965354 125.71943392676957 20.787866113543828 32.68613270119306] car	[429.0581226190494 71.63345479220737 18.943148962879775 29.039959107172194] car	
[525.4856701268421 746.7168352185312 13 13] group_of_pedestrians	[469.9224427339346 143.93530794411078 20.787866113543828 32.68613270119306] car	[449.41704063843076 86.09900180597833 18.943148962879775 29.039959107172194] car	
[519.996690543719 758.7925903014021 13 13] group_of_pedestrians	[487.6025557507658 160.54389895992188 20.787866113543828 32.68613270119306] car	[464.9541096532219 105.38639782433967 18.943148962879775 29.039959107172194] car	
[496.1747317589264 178.7597729772632 20.787866113543828 32.68613270119306] car	[485.31302767260337 117.70890083607054 18.943148962879775 29.039959107172194] car	
[513.8548447757576 197.5114079951145 20.787866113543828 32.68613270119306] car	[500.85009668739445 136.99629685443188 18.943148962879775 29.039959107172194] car	
[528.3203917895287 215.1915210119457 20.787866113543828 32.68613270119306] car	[513.1725996991253 153.069126869733 18.943148962879775 29.039959107172194] car	
[541.1786558017697 233.40739502928693 20.787866113543828 32.68613270119306] car	[528.1739077134064 169.14195688503412 18.943148962879775 29.039959107172194] car	
[552.9653978129904 251.6232690466282 20.787866113543828 32.68613270119306] car	[537.8176057225871 184.14326489931517 18.943148962879775 29.039959107172194] car	
[557.2439851630635 276.58169525538824 20.787866113543828 32.68613270119306] car	[552.7926614478431 204.1100058663232 18.943148962879775 29.039959107172194] car	
[559.9227901656135 290.5114812686492 20.787866113543828 32.68613270119306] car	[562.4363594570237 218.0397918795842 18.943148962879775 29.039959107172194] car	
[571.1737711763242 288.368437266609 20.787866113543828 32.68613270119306] car	[566.722447461104 236.79142689743549 18.943148962879775 29.039959107172194] car	
[576.5313811814246 310.8703992880307 20.787866113543828 32.68613270119306] car	[571.0085354651843 236.79142689743549 18.943148962879775 29.039959107172194] car	
[581.888991186525 331.7650783079221 20.787866113543828 32.68613270119306] car	[575.2946234692646 254.4715399142667 18.943148962879775 29.039959107172194] car	
[583.4962741880552 347.3021473227132 20.787866113543828 32.68613270119306] car	[580.652233474365 272.1516529310979 18.943148962879775 29.039959107172194] car	
[587.2466011916255 363.91073833852437 20.787866113543828 32.68613270119306] car	[583.8667994774252 287.688721945889 18.943148962879775 29.039959107172194] car	
[587.2466011916255 382.12661235586563 20.787866113543828 32.68613270119306] car	[584.5107553188371 305.71420587324934 18.943148962879718 31.913234132653486] car	
[585.1035571895854 394.9848763681065 20.787866113543828 32.68613270119306] car	[587.7311581927571 321.63224919921845 14.832558060137217 31.913234132653486] car	
[590.461167194686 418.5583603905481 20.787866113543828 32.68613270119306] car	[586.6596361917368 339.3123622160496 14.832558060137217 31.913234132653486] car	
[588.8538841931559 435.7027124068693 20.787866113543828 32.68613270119306] car	[587.1953971922469 359.6712802354311 14.832558060137217 31.913234132653486] car	
[591.1487674021106 462.1244475330007 14.171232296086373 24.59989453916245] car	[586.8783834032728 382.3078973887549 15.850755814052832 27.95860476262999] car	
[590.8641459689768 480.33567452643683 13.92000674133908 24.59989453916245] car	[586.8783834032729 399.9880104055861 15.850755814052832 27.95860476262999] car	
[589.2568629674468 499.08730954428813 13.92000674133908 24.59989453916245] car	[586.3426224027629 423.0257334275178 15.850755814052832 27.95860476262999] car	
[589.2568629674469 516.7674225611194 13.92000674133908 24.59989453916245] car	[586.878383403273 441.7773684453691 15.850755814052832 27.95860476262999] car	
[592.4714289705073 534.9832965784606 13.92000674133908 24.59989453916245] car	[588.4856664048029 457.31443746016015 15.850755814052832 27.95860476262999] car	
[593.5429509715273 561.7713466039625 13.92000674133908 24.59989453916245] car	[585.8068614022527 482.495204484132 15.850755814052832 27.95860476262999] car	
[595.6859949735675 592.3097236330345 13.92000674133908 24.59989453916245] car	[587.4141444037828 501.78260050249344 15.850755814052832 27.95860476262999] car	
[598.9273490266532 610.4613063303148 13.92000674133908 24.59989453916245] car	[588.7106860250169 523.8238080634763 15.850755814052832 27.95860476262999] car	
[596.3342657841846 626.6680765957433 13.92000674133908 24.59989453916245] car	[590.0072276462513 543.920203192608 15.850755814052832 27.95860476262999] car	
[598.927349026653 648.7092841567262 13.92000674133908 24.59989453916245] car	[592.60031088872 565.313139942974 15.850755814052832 27.95860476262999] car	
[599.5756198372701 673.3435749601778 13.92000674133908 24.59989453916245] car	[597.1382065630398 586.7060766933398 15.850755814052832 27.95860476262999] car	
[596.3342657841843 694.0882408999264 13.92000674133908 24.59989453916245] car	[597.13820656304 594.4853264207455 15.850755814052832 27.95860476262999] car	
[596.9825365948012 717.4259900821435 13.92000674133908 24.59989453916245] car	[597.13820656304 613.93345073926 15.850755814052832 27.95860476262999] car	
[598.2790782160355 733.632760347572 13.92000674133908 24.59989453916245] car	[595.1933941311885 619.1196172241973 15.850755814052832 27.95860476262999] car	
[597.6308074054184 759.5635927722578 13.92000674133908 24.59989453916245] car	[593.2485816993369 679.4088026115916 15.850755814052832 27.95860476262999] car	
[597.6308074054185 786.7909668181777 13.92000674133908 24.59989453916245] car	[591.9520400781025 708.5809890893632 15.850755814052832 27.95860476262999] car	
[598.2790782160358 804.9425495154577 13.92000674133908 24.59989453916245] car	[594.5451233205713 735.8083631352833 15.850755814052832 27.95860476262999] car	
[599.5756198372701 826.9837570764407 13.92000674133908 24.59989453916245] car	[593.8968525099542 755.2564874537977 15.850755814052832 27.95860476262999] car	[577.4280924679747 28.299543568899708 15 35] car	
[593.2862065630734 850.0177473374381 14.58048850291982 24.599894539162506] car	[594.3078387584444 777.8676384526786 15.850755814052832 27.95860476262999] car	[575.656981722487 41.58287416005771 15 35] car	
[599.5366334949744 883.7822468671845 14.58048850291982 24.599894539162506] car	[595.1933941311884 798.6906317651465 15.850755814052832 27.95860476262999] car	[574.3286486633713 62.836203105910435 15 35] car	
[593.8968525099542 816.1939436518094 15.850755814052832 27.95860476262999] car	[573.7928876628612 79.4447941217216 15 35] car	
[595.76094656958 835.9772506789072 15.850755814052832 27.95860476262999] car	[576.4716926654114 104.62556114569333 15 35] car	
[595.76094656958 853.1216026952286 15.850755814052832 27.95860476262999] car	[573.7928876628611 123.37719616354462 15 35] car	
[595.76094656958 872.9447597141 15.850755814052832 27.95860476262999] car	[577.5432146664313 139.45002617884575 15 35] car	
[593.6179025675399 889.0175897294012 15.850755814052832 27.95860476262999] car	[573.7928876628611 159.27318319771717 15 35] car	
[600.5827955741702 921.1632497600033 15.850755814052832 27.95860476262999] car	[573.2571266623511 196.24069223290974 15 35] car	
[598.4397515721299 939.3791237773446 15.850755814052832 27.95860476262999] car	[575.4001706643912 214.456566250251 15 35] car	
[598.4397515721299 939.3791237773446 15.850755814052832 27.95860476262999] car	[575.4001706643912 214.456566250251 15 35] car	
[598.97551257264 955.4519537926457 15.850755814052832 27.95860476262999] car	[575.9359316649015 225.70754726096177 15 35] car	
[597.9039905716199 968.8459788053966 15.850755814052832 27.95860476262999] car	[575.9359316649015 241.78037727626284 15 35] car	
[595.7609465695799 983.8472868196777 15.850755814052832 27.95860476262999] car	[580.222019668982 254.10288028799368 15 35] car	
[593.0821415670296 1005.8134878405893 15.850755814052832 27.95860476262999] car	[578.0789756669419 266.42538329972456 15 35] car	
[585.0457265593791 1041.1737138742515 15.850755814052832 27.95860476262999] car	[586.1153906745926 306.60745833797733 15 35] car	
[586.1153906745926 318.9299613497082 15 35] car	
[583.9723466725526 334.46703036449935 15 35] car	
[583.9723466725526 347.8610553772503 15 35] car	
[583.9723466725526 361.7908413905111 15 35] car	
[585.5796296740826 384.2928034119327 15 35] car	
[586.1153906745925 405.72324343233424 15 35] car	
[586.1153906745925 427.1536834527358 15 35] car	
[585.5260535740314 456.03120138022683 15 35] car	
[586.7047277751536 469.58595469313076 15 35] car	
[583.1687051717873 489.03407901164513 15 35] car	
[585.3079988468237 511.14011365368975 15 35] car	
[587.0760101485068 519.9801701621052 15 35] car	
[590.022695651312 546.5003396873522 15 35] car	
[592.3800440535563 556.5190703968899 15 35] car	
[594.0891216451835 599.2460101875652 15 35] car	
[593.6765856747907 611.504221879235 15 35] car	
[593.6765856747907 611.504221879235 15 35] car	
[597.4483431183811 667.8448486928703 15 35] car	[560.6622436670687 43.4487334137516 15 35] car	
[595.1284979861728 698.2867887418504 15 35] car	[563.3410486696188 64.34341243364304 15 35] car	
[594.0569759851527 711.1450527540912 15 35] car	[564.948331671149 98.09635546577533 15 35] car	
[594.5927369856627 733.1112537750029 15 35] car	[568.1628976742093 111.49038047852628 15 35] car	
[595.1284979861728 750.7913667918341 15 35] car	[572.4489856782895 115.24070748209658 15 35] car	
[591.3781709826023 789.9019198290669 15 35] car	[575.6635516813499 150.065172515249 15 35] car	
[594.0568394698878 809.178633848428 15.835977862014033 35] car	[576.7350736823701 167.74528553208017 15 35] car	
[593.5210784693777 828.4660298667893 15.835977862014033 35] car	[577.8065956833902 189.17572555248165 15 35] car	
[594.0568394698877 840.2527718780101 15.835977862014033 35] car	[575.6635516813501 202.5697505652326 15 35] car	
[591.9137954678476 860.6116898973914 15.835977862014033 35] car	[575.6635516813501 218.10681958002365 15 35] car	
[591.3780344673378 875.6129979116724 15.835977862014033 35] car	[577.8065956833902 251.85976261215586 15 35] car	
[591.3780344673378 890.0785449254435 15.835977862014033 35] car	[581.0211616864506 244.89486960552546 15 35] car	
[590.3065124663178 908.8301799432948 15.835977862014033 35] car	[581.5569226869607 264.7180266243967 15 35] car	
[587.6277074637677 924.9030099585957 15.835977862014033 35] car	[580.4854006859406 277.0405296361274 15 35] car	
[588.1634684642778 943.1188839759369 15.835977862014033 35] car	[581.5569226869607 293.6491206519386 15 35] car	
[589.2349904652979 958.1201919902178 15.835977862014033 35] car	[580.4854006859405 305.43586266315936 15 35] car	
[589.2349904652979 979.0148710101091 15.835977862014033 35] car	[585.3072496905307 325.25901968203067 15 35] car	
[589.2349904652979 996.6949840269403 15.835977862014033 35] car	[585.3072496905309 335.43847869172123 15 35] car	
[590.306512466318 1019.7327070488719 15.835977862014033 35] car	[582.6284446879806 355.26163571059243 15 35] car	
[596.6419665229287 1043.3345923103655 13.707325525025908 27.64151911214867] car	[582.0926836874705 376.1563147304838 15 35] car	
[596.1062055224188 1064.765032330767 13.707325525025908 27.64151911214867] car	[581.0211616864503 397.05099375037514 15 35] car	
[596.1062055224188 1087.8027553526983 13.707325525025908 27.64151911214867] car	[582.0926836874705 417.4099117697565 15 35] car	
[597.177727523439 1112.4477613761599 13.707325525025908 27.64151911214867] car	[584.2357276895106 433.4827417850575 15 35] car	
[599.8565325259892 1124.687844612973 13.707325525025908 27.64151911214867] car	[584.2357276895106 455.44894280596895 15 35] car	
[599.8565325259892 1124.687844612973 13.707325525025908 27.64151911214867] car	[584.2357276895104 479.177275151583 15 35] car	
[583.2865943956859 501.00734090954785 15 35] car	
[584.2357276895104 518.09174019839 15 35] car	
[585.1848609833349 530.4304730181093 15 35] car	
[589.2261715730242 566.4188723957377 15 35] car	
[589.2261715730242 566.4188723957377 15 35] car	
[589.7589081070194 613.7945815661719 15.417220429547228 35] car	
[588.6873861059992 611.1157765636219 15 35] car	
[590.8304301080393 665.7633986156454 15 35] car	[629.5887575049696 386.58342228217225 15 35] car	
[592.9638939622077 689.3928444211513 15 35] car	[623.7543202094153 396.95575525204663 15 35] car	
[590.3072278439761 706.6611741896568 15 35] car	[625.6991326412667 411.8659838962409 15 35] car	
[590.3072278439761 724.372281644534 15 35] car	[621.8095077775638 421.59004605549814 15 35] car	
[592.7584008379625 747.7293802116458 15 35] car	[618.5681537244782 435.20373307845824 15 35] car	
[592.5211162758359 762.8939403588922 15 35] car	[616.6233412926267 446.8726076695669 15 35] car	
[591.19278321672 778.8339370682816 15 35] car	[611.4371748076895 459.18975307129267 15 35] car	
[591.19278321672 778.8339370682816 15 35] car	[608.1958207546038 470.85862766240126 15 35] car	
[590.544512406103 817.0819148946931 15 35] car	[608.1958207546038 484.47231468536137 15 35] car	
[592.4893248379543 832.6404143495046 15 35] car	[607.3673625162851 493.57305731339505 13.701878097911504 35] car	
[591.19278321672 850.1437262361674 15 35] car	[606.719091705668 503.9453902832695 13.701878097911504 35] car	
[591.19278321672 850.1437262361674 15 35] car	[600.2363835994965 515.614264874378 13.701878097911504 35] car	
[589.2479707848686 883.8538083882588 15 35] car	[598.9398419782624 525.3383270336351 13.701878097911504 35] car	
[588.5996999742515 900.7088494643044 15 35] car	[597.6433003570282 519.5038897380807 13.701878097911504 35] car	
[591.19278321672 915.6190781084987 15 35] car	[597.6433003570282 554.5105135114064 13.701878097911504 35] car	
[589.7665874333624 934.8727211838279 15 35] car	[597.6433003570281 574.4772544784144 13.701878097911504 35] car	
[596.184468458472 953.413266367478 15 35] car	[599.0694961403858 604.4273659289265 13.701878097911504 35] car	
[596.8975663501509 967.6752242010552 15 35] car	[599.0694961403858 604.4273659289265 13.701878097911504 35] car	
[596.8975663501509 967.6752242010552 15 35] car	[599.0694961403858 604.4273659289265 13.701878097911504 35] car	
[596.8975663501509 1007.6087061350713 15 35] car	[596.9302024653493 670.0323719633815 13.701878097911504 35] car	
[596.8975663501508 1026.8623492104005 15 35] car	[586.9468319818454 687.1467213636739 13.701878097911504 35] car	
[596.8975663501508 1043.9766986106931 15 35] car	[589.799223548561 708.5396581140398 13.701878097911504 35] car	
[596.8975663501508 1043.9766986106931 15 35] car	[589.799223548561 708.5396581140398 13.701878097911504 35] car	[472.7043536941709 150.22145559869227 15 35] car	
[596.8975663501508 1093.893551028213 15 35] car	[590.5123214402399 747.760042156377 13.701878097911504 35] car	[479.83533261095954 177.3191754824889 15 35] car	
[591.9058811083987 1117.328583300609 15 35] car	[591.2254193319188 774.1446641484949 13.701878097911504 35] car	[491.95799676950014 204.41689536628556 15 35] car	
[591.9385172235977 800.5292861406127 13.701878097911504 35] car	[504.7937588197196 235.08010470847643 15 35] car	
[582.6682446317727 814.7912439741901 13.701878097911504 35] car	[516.2033250865813 262.1778245922731 15 35] car	
[579.8158530650572 834.0448870495194 13.701878097911504 35] car	[519.7688145449757 282.85766345096 15 35] car	
[571.9717762565898 859.7164111499583 13.701878097911504 35] car	[537.5962618369472 317.79946014322417 15 35] car	
[569.1193846898744 878.2569563336086 13.701878097911504 35] car	[546.5372612971297 346.1480383286122 13.875050547613569 35] car	[447.7459274854108 80.68476715280678 15 35] car	
[561.988405773086 899.6498930839743 13.701878097911504 35] car	[558.6599254556704 368.9671708623357 13.875050547613569 35] car	[462.7079177356219 104.47002429549451 13.86612406601023 35] car	
[554.1443289646186 921.0428298343402 13.701878097911504 35] car	[562.2254149140649 396.06489074613233 13.875050547613569 35] car	[478.3960713525569 140.83801677111637 13.86612406601023 35] car	
[549.1526437228665 948.8536476098157 13.701878097911504 35] car	[572.2087853975689 428.8673937633598 13.875050547613569 35] car	[493.37112707781284 167.22263876323416 13.86612406601023 35] car	
[546.3002521561509 970.2465843601815 13.701878097911504 35] car	[572.2087853975689 428.8673937633598 13.875050547613569 35] car	[504.78069334467455 202.87753334717712 13.86612406601023 35] car	
[533.4644901059315 990.2133253271895 13.701878097911504 35] car	[577.1691867888112 464.52728891097956 13.907133712678956 35] car	[514.0509659364997 229.97525323097375 13.86612406601023 35] car	
[521.341825947391 1005.1883810524455 13.701878097911504 35] car	[581.4477741388844 487.34642144470297 13.907133712678956 35] car	[527.599825878398 260.6384625731647 13.86612406601023 35] car	
[517.7763364889968 1034.4253946112785 13.701878097911504 35] car	[588.5787530556732 529.4191970537559 13.907133712678956 35] car	[536.1570005785443 284.17069299856695 13.86612406601023 35] car	
[506.36129183245635 1055.9577518805675 17.255494213390534 35] car	[592.1442425140675 551.5252316958006 13.907133712678956 35] car	[551.1596118423769 322.57005202421686 13.109743625203578 35] car	
[494.95172556559464 1078.0637865226117 17.255494213390534 35] car	[594.996634080783 581.4753431463125 13.907133712678956 35] car	[555.4381991924502 355.37255504144434 13.109743625203578 35] car	
[479.97666984033856 1103.0222127313718 17.255494213390534 35] car	[597.1359277558196 590.7456157381378 13.907133712678956 35] car	[560.7314859749588 386.7049132623718 12.801737887261083 35] car	
[590.0049488390309 681.3090479813529 13.907133712678956 35] car	[574.2803459168572 398.11447952923356 12.801737887261083 35] car	
[580.7346762472057 708.4067678651497 13.907133712678956 35] car	[574.2803459168572 423.0729057379936 12.801737887261083 35] car	
[574.3167952220961 744.0616624490926 13.907133712678956 35] car	[578.5589332669304 459.4408982136154 12.801737887261083 35] car	
[569.325109980344 775.4379696829624 13.907133712678956 35] car	[583.5506185086824 495.0957927975583 12.801737887261083 35] car	
[561.4810331718766 801.8225916750802 13.907133712678956 35] car	[584.9768142920402 520.7673168979971 12.801737887261083 35] car	
[552.9238584717301 846.0346609591695 13.907133712678956 35] car	[584.2637164003615 517.2018274396028 12.801737887261083 35] car	
[549.3583690133357 875.9847724096815 13.907133712678956 35] car	[596.5808618020875 589.0950603370441 12.801737887261083 35] car	
[538.3247372998196 905.2598763635134 14.733184468164495 35] car	[585.5602580215959 664.9427451792501 12.801737887261083 35] car	
[531.1937583830309 928.5976255457305 14.733184468164495 35] car	[585.5602580215959 703.8389938162788 12.801737887261083 35] car	
[520.4249622727791 964.2257320796481 14.733184468164495 35] car	[582.6291408908262 737.118515048317 15.547510468880205 31.592961010597037] car	
[508.50428001143086 994.7212482286793 14.733184468164495 35] car	[581.670633157893 769.9626164992276 12.801737887261083 35] car	
[497.25329900072006 1020.9735372536711 14.733184468164495 35] car	[569.3481301461622 802.1082765298297 12.801737887261083 35] car	
[495.270983298833 1048.8331092801934 14.733184468164495 35] car	[570.2053477469783 835.379034661503 12.801737887261083 35] car	[626.4168220199583 111.22458602916993 15 35] car	
[488.1989380921005 1077.7106272076844 14.733184468164495 35] car	[564.3119767413679 867.2032380917992 12.801737887261083 35] car	[622.291462316031 143.04878945946615 15 35] car	
[485.8415896898564 1103.0521225318093 14.733184468164495 35] car	[563.7226396408066 903.7421383265838 12.801737887261083 35] car	[619.9341139137869 171.33697028639614 15 35] car	
[559.0079428363183 934.977004656319 12.801737887261083 35] car	[620.523451014348 203.16117371669236 15 35] car	
[551.935897629586 969.1585564888594 12.801737887261083 35] car	[611.6833945059324 236.16405134811077 15 35] car	
[547.8105379256585 995.0893889135452 12.801737887261083 35] car	[608.7367090031272 265.63090637616267 15 35] car	
[545.4261307254875 1033.6943004406262 13.382102592547426 30.571619352780772] car	[606.968697701444 293.3297501025315 15 35] car	
[541.8901081221212 1060.2144699658727 13.382102592547426 30.571619352780772] car	[601.882940703109 329.8429537669835 13.931102008312678 32.33878958878478] car	
[535.4074000159497 1094.3960217984131 13.382102592547426 30.571619352780772] car	[601.8829407031092 359.8991458955967 13.931102008312678 32.33878958878478] car	
[535.9967371165106 1120.543127984957 13.382102592547426 30.571619352780772] car	[595.4002325969377 391.72334932589285 13.931102008312678 32.33878958878478] car	
[597.757580999182 427.08357535955537 13.931102008312678 32.33878958878478] car	
[591.8642099935716 457.13976748816856 13.931102008312678 32.33878958878478] car	
[589.9659434059226 490.3594327720283 13.931102008312678 32.33878958878478] car	
[588.0676768182734 520.7316981744143 13.931102008312678 32.33878958878478] car	
[590.4250252205177 549.0198790013445 13.931102008312678 32.33878958878478] car	
[596.9077333266891 586.737453437251 13.931102008312678 32.33878958878478] car	[559.0730479901838 442.8551388454564 5 5] pedestrian	
[595.8182398646962 648.3424053187246 13.931102008312678 32.33878958878478] car	[554.3589173837274 465.1623924408883 5 5] pedestrian	
[597.5007674318309 682.4536089110624 13.931102008312678 32.33878958878478] car	[553.1805697091793 487.0103021605619 5 5] pedestrian	
[604.357543614881 715.7280809191586 13.931102008312678 32.33878958878478] car	[552.0519087789987 507.0440336712694 5 5] pedestrian	
[610.8402517210525 752.2669811539431 13.931102008312678 32.33878958878478] car	[550.5000000000002 526.9366825657045 5 5] pedestrian	
[619.090971128907 784.6805216848002 13.931102008312678 32.33878958878478] car	[550.3717430761162 546.8165057677511 5 5] pedestrian	
[623.1162228231972 819.44405904458 13.931102008312678 32.33878958878478] car	[547.2740533871342 566.1715881563932 5 5] pedestrian	
[635.0712203552395 857.5229400725664 13.931102008312678 32.33878958878478] car	[544.934409415153 587.5948106597639 5 5] pedestrian	
[644.0531869458044 882.1401818393005 13.931102008312678 32.33878958878478] car	[547.1286609301808 608.303475057161 5 5] pedestrian	
[658.3245338619247 921.6608348377871 13.931102008312678 32.33878958878478] car	[547.7761786632332 630.3438971732014 5 5] pedestrian	
[667.7135819748655 950.2035411011271 13.931102008312678 32.33878958878478] car	[549.6726722905979 650.3988597374811 5 5] pedestrian	
[679.5781116146304 985.1180748007366 13.931102008312678 25.347369703413733] car	[553.6172492598303 670.9189062886569 5 5] pedestrian	
[694.1897752649041 1015.8025684663116 13.931102008312678 25.347369703413733] car	[555.719450792641 691.0471632125409 5 5] pedestrian	
[694.1897752649041 1015.8025684663116 13.931102008312678 25.347369703413733] car	[555.719450792641 691.0471632125409 5 5] pedestrian	
[694.1897752649041 1015.8025684663116 13.931102008312678 25.347369703413733] car	[555.719450792641 691.0471632125409 5 5] pedestrian	
[715.1331598302966 1048.4352839519233 13.931102008312678 25.347369703413733] car	[560.2277585614148 711.8091129059566 5 5] pedestrian	
[715.1331598302966 1048.4352839519233 13.931102008312678 25.347369703413733] car	[560.2277585614148 711.8091129059566 5 5] pedestrian	
[715.1331598302966 1048.4352839519233 13.931102008312678 25.347369703413733] car	[560.2277585614148 711.8091129059566 5 5] pedestrian	
[748.8241139863374 1106.0495165026396 13.931102008312678 25.347369703413733] car	[566.3778096225881 749.460936088641 5 5] pedestrian	
[572.5533831560593 767.8122182741293 5.954830628152649 5.983764926670574] pedestrian	
[577.0668839725871 786.8377871511959 5.954830628152649 5.983764926670574] pedestrian	
[583.0570966686433 805.4281024148188 5.954830628152649 5.983764926670574] pedestrian	
[585.9489234874292 822.1593861520796 5.954830628152649 5.983764926670574] pedestrian	
[587.8079550137915 837.8578745969166 5.954830628152649 5.983764926670574] pedestrian	
[591.7325771250006 855.8285126850856 5.954830628152649 5.983764926670574] pedestrian	
[597.1031126456029 868.6351743111368 5.954830628152649 5.983764926670574] pedestrian	
[596.6422618613778 886.8049918587723 5.954830628152649 5.983764926670574] pedestrian	
[598.9144115047095 902.2969212451247 5.954830628152649 5.983764926670574] pedestrian	
[600.1537658556176 932.6611028423755 5.954830628152649 5.983764926670574] pedestrian	
[598.7078524462247 950.838299989029 5.954830628152649 5.983764926670574] pedestrian	
[596.2291437444085 964.8843159659885 5.954830628152649 5.983764926670574] pedestrian	[537.1916711365911 172.47864232460435 5 5] pedestrian	
[601.3931202065257 977.8975366505246 5.954830628152649 5.983764926670574] pedestrian	[539.8299160608884 182.10047675439492 5 5] pedestrian	
[597.6750571538012 991.530434510515 5.954830628152649 5.983764926670574] pedestrian	[540.295488694588 191.101547672586 5 5] pedestrian	
[597.4684980953166 1004.9567733120203 5.954830628152649 5.983764926670574] pedestrian	[539.9851069387886 200.87857298027635 5 5] pedestrian	
[595.1963484519848 1022.1011751662502 5.954830628152649 5.983764926670574] pedestrian	[539.8299160608884 210.81078916586662 5 5] pedestrian	
[598.5012933877402 1033.6684824413935 5.954830628152649 5.983764926670574] pedestrian	[542.1577792293864 215.31132462496217 5 5] pedestrian	
[602.4259154989494 1043.7898763071437 5.954830628152649 5.983764926670574] pedestrian	[543.8478078897157 223.5736869643501 5 5] pedestrian	
[603.4587107913729 1055.1506245238022 5.954830628152649 5.983764926670574] pedestrian	[542.533341153904 232.02383026599676 5 5] pedestrian	
[612.340750306215 1079.9377115419663 5.954830628152649 5.983764926670574] pedestrian	[541.0310934558335 249.48745975606658 5 5] pedestrian	
[610.0686006628831 1091.711577875594 5.954830628152649 5.983764926670574] pedestrian	[538.2143790219512 254.36976477479578 5 5] pedestrian	
[609.4489234874292 1103.8985623261913 5.954830628152649 5.983764926670574] pedestrian	[537.8191739665546 261.72890454508615 5 5] pedestrian	
[608.7291437444084 1114.5754248118078 5.954830628152649 5.983764926670574] pedestrian	[540.1511180371759 268.2583479428257 5 5] pedestrian	
[616.3718289083421 1125.5230549114967 5.954830628152649 5.983764926670574] pedestrian	[539.9179236301139 273.2720276946616 5 5] pedestrian	
[615.132474557434 1137.710039362094 5.954830628152649 5.983764926670574] pedestrian	[540.0345208336449 282.0168179594915 5 5] pedestrian	
[539.2183404089275 289.2458445784174 5 5] pedestrian	
[540.0345208336448 304.753272648049 5 5] pedestrian	
[539.5681320195206 313.4980629128788 5 5] pedestrian	
[540.1511180371757 323.99181123067456 5 5] pedestrian	
[540.1511180371757 333.2029903096287 5 5] pedestrian	
[539.6847292230517 347.42784914041863 5 5] pedestrian	
[539.6847292230517 356.9888198299659 5 5] pedestrian	
[540.3843124442379 371.2136786607557 5 5] pedestrian	
[540.9672984618932 384.15596825270393 5 5] pedestrian	
[540.779584419309 396.83238583958223 5 5] pedestrian	
[541.6468363463996 413.2138111290708 5 5] pedestrian	
[542.3213656230255 429.40251376809465 5 5] pedestrian	
[543.6704241762777 445.3984937566539 5 5] pedestrian	
[542.0322816473288 458.3109113377801 5 5] pedestrian	
[542.8031722491871 473.0541940983197 5 5] pedestrian	
[543.8631468267422 489.4356193878082 5 5] pedestrian	
[544.4413147781358 500.70989443998565 5 5] pedestrian	
[544.152230802439 512.8514214192536 5 5] pedestrian	
[544.8267600790651 524.4147804471278 5 5] pedestrian	
[546.2721799575494 535.3999715236083 5 5] pedestrian	
[547.5248771855692 545.9997172991597 5 5] pedestrian	
[545.9830959818522 554.0940686186716 5 5] pedestrian	
[545.5976506809233 562.5738652391126 5 5] pedestrian	
[545.5012893556908 570.3791325829277 5 5] pedestrian	
[545.2122053799941 577.6062319753491 5 5] pedestrian	
[546.0794573070847 584.6406087173061 5 5] pedestrian	
[545.7903733313877 589.1695910032233 5 5] pedestrian	
[545.5012893556908 595.6257997937867 5 5] pedestrian	
[547.1913180160203 603.1370382841393 5 5] pedestrian	
[548.318003789573 608.2071242651274 5 5] pedestrian	
[549.0691276386082 616.0939246799977 5 5] pedestrian	
[549.6324705253847 621.915134510021 5 5] pedestrian	
[550.0080324499025 626.79743952875 5 5] pedestrian	
[549.8202514876435 633.3697732078086 5 5] pedestrian	
[549.256908600867 640.6932307359026 5 5] pedestrian	
[549.256908600867 646.8900024904434 5 5] pedestrian	
[550.5713753366789 656.2790506033842 5 5] pedestrian	
[550.1958134121613 665.2925367918075 5 5] pedestrian	
[549.256908600867 672.2404323953834 5 5] pedestrian	
[549.8202514876435 682.7561662818772 5 5] pedestrian	
[552.449184959267 693.8352430551473 5 5] pedestrian	
[550.5713753366786 704.9143198284175 5 5] pedestrian	
[550.0080324499022 717.6834252620172 5 5] pedestrian	
[550.0080324499022 717.6834252620172 5 5] pedestrian	
[550.0080324499022 717.6834252620172 5 5] pedestrian	
[550.0080324499022 717.6834252620172 5 5] pedestrian	
[550.0080324499022 717.6834252620172 5 5] pedestrian	
[550.7591562989373 729.3258449220637 5 5] pedestrian	
[550.7591562989373 729.3258449220637 5 5] pedestrian	
[550.7591562989373 729.3258449220637 5 5] pedestrian	
[550.7591562989373 729.3258449220637 5 5] pedestrian	
[551.3224991857139 745.0994457518043 5 5] pedestrian	
[551.1347182234551 758.9952369589566 5 5] pedestrian	
[552.2614039970081 773.6421520151441 5 5] pedestrian	
[552.4491849592669 788.289067071332 5 5] pedestrian	
[552.8247468837842 804.4382298255902 5 5] pedestrian	
[551.8858420724903 822.6529831646955 5 5] pedestrian	
[553.7636516950786 842.1822032396122 5 5] pedestrian	
[554.1392136195961 878.98727184234 5 5] pedestrian	
[552.2614039970078 898.7042728795155 5 5] pedestrian	
[552.8247468837844 920.674645463797 5 5] pedestrian	
[556.392585166702 940.016084576455 5 5] pedestrian	
[551.3224991857139 957.1970299971459 5 5] pedestrian	
[552.2369883681006 975.1542813374087 5.235800059478947 7.957985419128249] pedestrian	
[551.4858645190654 995.2468442991019 5.235800059478947 7.957985419128249] pedestrian	
[551.2980835568064 1014.9638453362777 5.235800059478947 7.957985419128249] pedestrian	
[550.3591787455123 1032.0519129018298 5.235800059478947 7.957985419128249] pedestrian	
[551.1103025945476 1049.8911043164173 5.235800059478947 7.957985419128249] pedestrian	
[545.8524356513011 1069.608105353593 5.235800059478947 7.957985419128249] pedestrian	
[531.4901527602569 1104.6845931394714 7.070549423260559 7.311437321526] pedestrian	















[673.7333416076164 147.52720793207035 15 27.439511863660982] car	
[671.3181905910421 173.69134394495717 15 27.439511863660982] car	
[670.513140252184 210.32113436299875 15 27.439511863660982] car	
[656.4247593221683 236.4852703758856 15 27.439511863660982] car	
[647.9717307641586 269.4923342690659 15 27.439511863660982] car	
[640.323752545007 298.4741464679559 15 27.439511863660982] car	
[626.63789678442 327.85848383627507 15 27.439511863660982] car	
[623.0151702595588 356.03524569630696 15 27.439511863660982] car	
[619.3924437346975 385.82210823405507 15 27.439511863660982] car	
[608.4051167099627 438.64105844136276 15 27.439511863660982] car	
[599.8329407018022 474.0012844750251 15 27.439511863660982] car	
[594.4753306967017 497.0390074969567 15 27.439511863660982] car	
[592.3322866946615 527.5773845260288 15 27.439511863660982] car	
[595.0110916972118 532.399233530619 15 27.439511863660982] car	
[596.082613698232 543.1144535408197 15 27.439511863660982] car	
[596.082613698232 550.6151075479603 15 27.439511863660982] car	
[597.1541356992519 564.0091325607112 15 27.439511863660982] car	
[598.2256577002718 602.0481635969238 15 27.439511863660982] car	
[600.904462702822 626.1574086198755 15 27.439511863660982] car	
[604.1190287058823 648.6593706412971 15 27.439511863660982] car	
[653.9448017533156 771.8844007586055 15 27.439511863660982] car	
[670.5533927691268 804.0300607892076 15 27.439511863660982] car	
[691.9838327895283 815.2810417999184 15 27.439511863660982] car	
[706.4493798032992 840.46180882389 15 27.439511863660982] car	
[732.701668828291 861.3564878437816 15 27.439511863660982] car	
[753.0605868476724 881.7154058631628 15 27.439511863660982] car	



























































































































































[438.37515078407705 8.708082026538023 15 35] car	
[463.17070122090513 38.81696469982933 15 35] car	
[491.06569546233686 56.97084984107852 15 35] car	
[515.4184682127931 75.56751266869964 15 35] car	
[533.1295756676703 103.01972922375936 15 35] car	
[549.5123500634317 126.48694660147169 15 35] car	
[561.0244881052614 159.26098814682967 15.881786952716539 35] car	
[568.5517087735842 176.0865402289631 15.881786952716539 35] car	
[577.8500401873949 198.6682022339316 15.881786952716539 35] car	
[577.407262501023 224.7920857298755 15.881786952716539 35] car	
[580.5067063056264 253.5726353440511 15.881786952716539 35] car	
[581.0665822231049 282.36482824825146 15.881786952716539 35] car	
[579.4032550767042 307.31473544426547 15.881786952716539 35] car	
[582.397243940226 327.6073266303571 15.881786952716539 35] car	
[584.3932365159071 351.5592375385306 15.881786952716539 35] car	
[586.6097770495526 401.17466191419214 16.196343469232147 35] car	
[586.0740160490427 425.8196679376538 16.196343469232147 35] car	
[587.0383858499608 457.80459966810304 16.196343469232147 35] car	
[587.0383858499608 477.2527239866173 16.196343469232147 35] car	
[589.9850713527658 493.7541628023265 16.196343469232147 35] car	
[589.9850713527658 518.5063210258902 16.196343469232147 35] car	
[591.163745553888 533.2397485399161 16.196343469232147 35] car	
[591.7530826544489 551.5091986573084 16.196343469232147 35] car	
[595.3758091793102 586.9314135670628 16.196343469232147 35] car	
[594.9732840098811 619.5359522908143 16.196343469232147 35] car	
[596.1808595181683 634.8319087291172 16.196343469232147 35] car	
[596.5833846875971 698.0283603294746 16.196343469232147 35] car	
[599.8035860430293 716.1419929537809 16.196343469232147 35] car	
[599.4010608736003 735.0606759169452 16.196343469232147 35] car	
[599.4010608736003 753.1743085412515 16.196343469232147 35] car	
[597.790960195884 770.4828908266998 16.196343469232147 35] car	
[601.9007421757543 812.1522963659927 16.196343469232147 35] car	
[602.3877976307634 838.4532909364854 16.196343469232147 35] car	
[603.3619085407817 852.5778991317499 16.196343469232147 35] car	
[601.9007421757543 866.2154518720055 16.196343469232147 35] car	
[600.9266312657361 883.749448252334 16.196343469232147 35] car	
[601.9007421757543 905.6669437277445 16.196343469232147 35] car	
[606.2842412708366 923.6879955630822 16.196343469232147 35] car	
[606.2842412708366 943.1702137634471 16.196343469232147 35] car	
[604.9559082117207 965.7518757684157 16.196343469232147 35] car	
[606.2842412708364 996.7463138144509 16.196343469232147 35] car	
[608.0553520163244 1022.8701973103949 16.196343469232147 35] car	
[607.1697966435804 1035.2679725288085 16.196343469232147 35] car	
[607.1697966435804 1056.0785237882897 16.196343469232147 35] car	
[607.6125743299524 1076.8890750477703 16.196343469232147 35] car	
[611.5975735072998 1099.0279593663672 16.196343469232147 35] car	
[613.3686842527875 1117.299606435773 16.196343469232147 35] car	


































































































